PARAMETER: 
csv not given, default assumed ()
outfile not given, default assumed ()
	algo: pq
	check: 0
	csv: 
	giantCC: 0
	input: ./data/grafo3_direcionado_tarjan.wsoap
	outfile: 
	root: 0
load graph finished in 0 ms
n      =1000
m      =4000
check weights finished in 0 ms
construct algo DS finished in 0 ms
run algo finished in 0 ms
reconstruct finished in 0 ms
destroy finished in 0 ms
total finished in 0 ms
n      =1000
m      =4000
w      =23858
w%1e9  =23858
w/1e9  =0
Edges and weights of the MST:
0 206 45
209 663 32
269 270 72
743 738 26
386 291 38
998 999 54
806 998 3
836 997 44
929 996 2
994 995 30
280 994 4
486 993 10
732 992 21
912 991 8
870 990 14
55 989 6
987 988 52
986 987 20
420 986 32
917 985 3
983 984 61
816 983 3
680 982 26
248 981 18
587 980 21
142 979 7
561 978 3
601 977 9
634 976 56
709 975 4
973 974 1
972 973 57
971 972 23
854 971 9
539 970 16
968 969 49
937 968 28
966 967 40
718 966 31
964 965 3
89 964 31
647 963 39
744 962 15
611 961 2
183 960 31
59 959 28
957 958 16
85 957 12
272 956 8
457 955 6
107 954 18
994 953 2
344 952 22
113 951 18
394 950 22
454 949 66
947 948 25
516 947 5
945 946 5
944 945 72
310 944 28
219 943 2
236 942 3
263 941 40
338 940 2
739 939 43
3 938 55
591 937 3
963 936 89
557 935 42
661 934 18
932 933 20
931 932 14
930 931 29
273 930 1
877 929 35
346 928 2
51 927 5
198 926 2
234 925 32
264 924 2
575 923 56
289 922 27
920 921 1
919 920 79
918 919 13
405 918 42
154 917 31
555 916 15
698 915 12
913 914 78
600 913 10
911 912 14
675 911 41
909 910 92
908 909 9
367 908 46
950 907 28
739 906 31
904 905 8
903 904 11
334 903 50
901 902 11
916 901 1
862 900 32
494 899 13
904 898 45
208 897 17
806 896 15
772 895 6
893 894 20
60 893 9
417 892 40
890 891 33
889 890 51
522 889 59
168 888 1
886 887 19
845 886 33
473 885 52
883 884 34
18 883 8
881 882 11
456 881 6
73 880 21
878 879 22
920 878 9
204 877 10
84 876 25
874 875 6
873 874 42
840 873 49
871 872 51
870 871 18
869 870 33
719 869 16
176 868 19
906 867 18
418 866 33
260 865 21
352 864 4
128 863 34
649 862 17
569 861 12
859 860 49
739 859 39
857 858 4
856 857 31
271 856 18
854 855 54
470 854 14
852 853 62
851 852 63
850 851 14
188 850 37
978 849 5
488 848 4
752 847 7
845 846 13
912 845 10
958 844 12
506 843 35
841 842 12
51 841 59
906 840 19
107 839 18
214 838 1
836 837 7
897 836 10
433 835 49
833 834 19
923 833 27
829 832 12
312 831 10
473 830 89
291 829 7
584 828 7
899 827 5
825 826 36
530 825 41
381 824 14
350 823 11
973 822 2
555 821 22
824 820 28
960 819 27
817 818 10
635 817 52
576 816 6
725 815 63
752 814 69
821 813 30
520 812 12
810 811 46
809 810 20
808 809 99
807 808 22
44 807 32
575 806 39
75 805 6
4 804 9
802 803 16
941 802 8
800 801 23
737 800 23
798 799 32
460 798 42
796 797 2
795 796 48
763 795 57
248 794 2
90 793 6
477 792 2
735 791 5
472 790 6
788 789 6
536 788 1
764 787 73
140 786 2
146 785 28
783 784 14
115 783 33
781 782 78
502 781 20
604 780 3
951 779 26
721 778 12
819 777 46
775 776 42
900 775 16
838 774 10
61 773 51
16 772 18
770 771 3
934 770 40
238 769 1
767 768 10
639 767 20
300 766 22
665 765 16
783 764 43
679 763 10
761 762 26
988 761 7
759 760 23
758 759 6
397 758 25
756 757 2
755 756 15
732 755 60
685 754 61
752 753 25
846 752 36
804 751 11
275 750 3
473 749 6
747 748 10
838 747 8
411 746 3
887 745 1
335 744 5
742 743 32
35 742 9
71 741 29
515 740 64
738 739 28
736 737 27
735 736 45
709 735 32
174 734 5
869 733 21
573 732 2
730 731 27
165 730 36
464 729 11
727 728 8
726 727 34
725 726 4
724 725 2
192 724 9
722 723 1
647 722 16
386 721 69
330 720 32
126 719 3
717 718 6
716 717 18
205 716 18
525 715 18
390 714 21
163 713 13
711 712 10
183 711 15
374 710 5
482 709 30
606 708 21
831 707 36
705 706 24
704 705 21
293 704 1
865 703 62
892 702 32
789 701 25
202 700 1
566 699 20
50 698 29
46 697 9
997 696 60
919 695 29
693 694 49
401 693 8
691 692 8
538 691 14
689 690 12
688 689 37
687 688 4
197 687 1
195 686 9
684 685 12
81 684 12
562 683 52
209 682 15
589 681 61
299 680 39
678 679 48
677 678 1
561 677 10
675 676 25
674 675 38
673 674 45
672 673 25
578 672 5
594 671 4
152 670 62
285 669 29
667 668 41
234 667 11
665 666 10
449 665 23
663 664 7
648 662 37
367 661 22
831 660 12
658 659 12
657 658 35
790 657 25
691 656 5
570 655 53
399 654 40
559 653 51
526 652 7
219 651 23
649 650 1
648 649 12
911 648 26
646 647 32
645 646 66
197 645 6
643 644 12
50 643 8
641 642 11
640 641 17
639 640 55
638 639 7
336 638 20
636 637 82
858 636 19
634 635 42
60 634 20
632 633 7
631 632 28
630 631 75
629 630 6
448 629 34
918 628 25
626 627 52
260 626 7
654 625 5
850 624 22
998 623 27
390 622 6
934 621 13
619 620 17
618 619 33
617 618 79
70 617 7
615 616 7
729 615 14
569 614 3
612 613 58
518 612 6
799 611 30
609 610 66
608 609 6
638 608 24
329 607 23
976 606 6
36 605 2
387 604 36
425 603 40
601 602 10
880 601 59
967 600 1
620 599 18
533 598 22
118 597 2
595 596 17
295 595 11
697 594 15
592 593 33
34 592 9
860 591 1
304 590 86
148 589 16
485 588 17
772 587 6
480 586 12
417 585 13
186 584 37
824 583 68
581 582 36
814 581 25
579 580 19
119 579 6
101 578 1
563 577 9
592 576 70
263 575 39
573 574 1
870 573 32
400 572 4
570 571 26
609 570 28
296 569 5
735 568 48
566 567 32
39 566 36
564 565 28
262 564 30
765 563 15
486 562 12
560 561 54
853 560 11
558 559 62
557 558 15
556 557 19
555 556 27
554 555 47
553 554 32
552 553 15
551 552 6
239 551 14
549 550 2
548 549 20
547 548 44
395 547 1
839 546 5
596 545 54
543 544 30
542 543 24
541 542 10
540 541 10
539 540 13
788 539 13
362 538 5
748 537 25
376 536 2
697 535 4
533 534 37
532 533 5
531 532 27
530 531 5
151 530 33
984 529 8
166 528 29
526 527 40
117 526 23
885 525 5
415 524 38
236 523 22
231 522 26
259 521 26
519 520 43
518 519 3
531 518 12
516 517 18
693 516 29
855 515 10
513 514 53
512 513 30
929 512 7
510 511 27
564 510 13
695 509 16
438 508 44
10 507 64
734 506 35
756 505 14
250 504 3
439 503 15
501 502 58
795 501 42
332 500 48
186 499 2
497 498 50
496 497 29
495 496 44
301 495 4
987 494 17
149 493 2
122 492 19
506 491 11
489 490 42
435 489 11
487 488 25
497 487 20
485 486 61
334 485 23
772 484 17
482 483 28
539 482 53
64 481 25
986 480 13
478 479 6
477 478 14
713 477 21
215 476 8
528 475 18
984 474 5
260 473 5
215 472 23
654 471 14
469 470 33
468 469 1
205 468 4
466 467 23
465 466 45
888 465 2
463 464 17
709 463 26
6 462 17
82 461 64
459 460 57
458 459 16
848 458 44
196 457 35
797 456 9
454 455 30
271 454 18
452 453 17
451 452 41
622 451 8
660 450 22
448 449 39
447 448 20
446 447 69
675 446 4
39 445 17
181 444 1
513 443 24
441 442 28
24 441 3
306 440 30
438 439 29
437 438 40
423 437 10
353 436 8
434 435 38
664 434 22
358 433 20
574 432 47
131 431 13
980 430 5
428 429 22
427 428 2
991 427 32
855 426 10
424 425 22
423 424 3
279 423 7
239 422 13
420 421 5
419 420 10
848 419 15
965 418 1
416 417 38
415 416 9
833 415 33
386 414 8
28 413 2
215 412 8
419 411 2
595 410 67
408 409 36
716 408 8
406 407 50
405 406 10
391 405 75
603 404 12
456 403 47
401 402 23
321 401 5
399 400 62
608 399 32
397 398 4
396 397 18
983 396 24
394 395 27
42 394 7
728 393 31
391 392 3
937 391 5
389 390 32
577 389 3
387 388 12
386 387 6
738 386 3
427 385 1
383 384 45
623 383 1
457 382 20
383 381 2
379 380 58
23 379 12
727 378 6
466 377 7
414 376 7
374 375 21
373 374 66
263 373 28
966 372 64
370 371 14
419 370 40
762 369 23
371 368 34
366 367 100
831 366 15
337 365 4
363 364 29
362 363 8
833 362 16
359 361 11
359 360 27
840 359 10
357 358 5
986 357 29
370 356 54
201 355 13
365 354 17
343 353 16
419 352 56
364 351 31
969 350 7
733 349 22
347 348 12
592 347 2
956 346 7
979 345 26
476 344 17
342 343 29
341 342 22
578 341 17
339 340 6
977 339 3
65 338 44
838 337 18
287 336 10
127 335 94
383 334 3
795 333 11
331 332 57
179 331 8
329 330 22
328 329 20
478 328 27
603 327 1
278 326 26
445 325 81
888 324 11
424 323 47
180 322 8
590 321 14
349 320 39
932 319 28
702 318 1
47 317 19
765 316 22
314 315 31
34 314 3
998 313 28
280 312 1
616 311 55
114 310 33
308 309 57
307 308 54
792 307 3
147 306 12
469 305 57
687 304 11
526 303 7
301 302 1
687 301 5
339 300 3
28 299 7
321 298 21
296 297 2
295 296 48
318 295 65
553 294 25
32 293 39
291 292 20
782 290 17
550 289 58
107 288 3
923 287 8
192 286 52
187 285 8
283 284 24
385 283 64
281 282 9
344 281 44
466 280 20
373 279 13
456 278 37
983 277 18
275 276 10
274 275 40
243 274 4
412 273 1
271 272 2
270 271 6
85 269 4
267 268 4
516 267 8
794 266 33
584 265 3
445 264 41
262 263 93
261 262 6
260 261 3
259 260 7
914 259 3
257 258 13
459 257 81
255 256 6
613 255 37
87 254 54
252 253 7
413 252 74
250 251 32
249 250 85
892 249 4
247 248 46
662 247 17
245 246 15
21 245 2
243 244 97
859 243 53
249 242 54
864 241 7
881 240 55
979 239 14
234 238 89
807 237 1
927 236 21
234 235 4
691 234 6
622 233 13
300 232 28
437 231 6
575 230 72
228 229 44
908 228 16
458 227 6
962 226 16
644 225 47
903 224 18
454 223 17
221 222 18
194 221 30
838 220 40
711 219 50
120 218 54
330 217 30
466 216 16
214 215 66
213 214 31
613 213 17
327 212 8
210 211 30
283 210 61
208 209 47
207 208 5
206 207 45
204 205 20
203 204 25
434 203 1
201 202 53
736 201 3
32 200 68
791 199 15
197 198 88
806 197 36
123 196 29
595 195 9
365 194 17
713 193 19
893 192 1
879 191 27
333 190 3
188 189 22
268 188 18
394 187 14
185 186 9
184 185 42
224 184 11
531 183 8
68 182 4
180 181 24
179 180 12
971 179 16
26 178 77
404 177 2
175 176 29
870 175 19
705 174 38
172 173 9
758 172 32
835 171 49
169 170 12
456 169 1
468 168 19
166 167 8
192 166 22
164 165 18
163 164 23
162 163 5
916 162 53
659 161 4
718 160 1
158 159 33
157 158 10
156 157 20
391 156 11
651 155 15
590 154 7
152 153 28
268 152 1
150 151 32
471 150 76
918 149 33
454 148 13
146 147 25
98 146 30
202 145 60
575 144 11
142 143 7
141 142 37
146 141 13
139 140 51
65 139 15
569 138 28
293 137 31
135 136 11
302 135 25
740 134 19
244 133 11
131 132 13
843 131 9
375 130 24
544 129 3
879 128 4
169 127 15
125 126 23
124 125 20
488 124 15
784 123 62
433 122 46
120 121 16
293 120 2
118 119 72
401 118 18
730 117 32
974 116 31
786 115 17
615 114 3
438 113 26
710 112 2
629 111 26
109 110 16
791 109 48
107 108 31
100 107 53
327 106 52
834 105 57
103 104 30
80 103 2
101 102 7
185 101 12
435 100 17
252 99 18
97 98 7
96 97 14
95 96 38
406 95 9
118 94 27
92 93 14
387 92 4
206 91 23
89 90 22
88 89 3
87 88 77
218 87 2
85 86 15
446 85 40
194 84 51
520 83 6
729 82 56
638 81 18
177 80 10
319 79 51
780 78 8
933 77 5
458 76 31
574 75 25
61 74 3
72 73 99
16 72 1
531 71 29
17 70 3
238 69 17
352 68 28
66 67 18
908 66 56
57 65 15
63 64 6
62 63 16
181 62 5
231 61 9
45 60 11
373 59 5
582 58 16
329 57 13
308 56 3
671 55 21
739 54 31
296 53 11
522 52 34
490 51 18
934 50 5
531 49 12
47 48 98
367 47 33
45 46 39
874 45 33
583 44 40
42 43 25
41 42 21
465 41 20
114 40 16
38 39 6
645 38 25
36 37 22
35 36 60
230 35 23
178 34 13
517 33 22
242 32 19
82 31 58
530 30 37
28 29 16
434 28 8
26 27 5
848 26 7
752 25 15
55 24 21
811 23 3
585 22 23
20 21 28
19 20 18
906 19 8
17 18 19
16 17 21
15 16 36
982 15 7
67 14 76
268 13 14
11 12 12
581 11 41
484 10 5
178 9 5
716 8 83
6 7 3
486 6 14
314 5 5
235 4 16
406 3 18
1 2 1
0 1 68
