-------------- Algoritmo de Edmonds --------------
-------------- Árvore geradora mínima: -----------
0 1 21
0 2 12
2 3 10
3 4 24
4 5 12
5 6 16
6 7 18
7 8 32
7 9 45
9 10 36
10 11 92
11 12 23
12 13 30
12 14 15
14 15 40
15 16 39
16 17 31
17 18 16
17 19 178
19 20 175
20 21 7
21 22 51
22 23 13
23 24 52
24 25 12
25 26 42
26 27 5
27 28 11
28 29 21
29 30 19
30 31 12
31 32 31
32 33 42
33 34 29
34 35 27
20 36 36
36 37 128
37 38 110
38 39 99
39 40 26
40 41 35
40 42 121
42 43 48
43 44 29
44 45 22
45 46 53
46 47 69
47 48 16
48 49 21
49 50 17
50 51 19
51 52 23
52 53 27
53 54 17
54 55 24
55 56 21
56 57 17
57 58 18
58 59 30
59 60 23
60 61 24
61 62 22
62 63 21
63 64 51
64 65 36
65 66 46
66 67 22
39 68 38
68 69 26
69 70 14
70 71 72
71 72 44
72 73 127
68 74 211
74 75 218
75 76 31
76 77 32
77 78 9
78 79 8
79 80 6
80 81 7
81 82 6
82 83 5
75 84 324
84 85 196
85 86 14
86 87 13
87 88 191
88 89 246
89 90 208
89 91 53
91 92 7
92 93 27
93 94 7
94 95 9
95 96 61
96 97 33
97 98 22
98 99 26
99 100 17
100 101 9
97 102 91
102 103 104
103 104 52
104 105 35
105 106 50
106 107 36
107 108 70
108 109 47
109 110 48
110 111 37
103 112 18
112 113 269
113 114 108
114 115 88
115 116 34
116 117 90
117 118 2
118 119 42
115 120 84
120 121 65
121 122 223
122 123 83
123 124 96
124 125 107
125 126 298
126 127 157
127 128 107
128 129 193
129 130 63
130 131 41
131 132 61
132 133 171
133 134 14
133 135 133
135 136 12
136 137 10
137 138 6
138 139 8
139 140 6
140 141 6
135 142 20
142 143 220
143 144 159
144 145 122
145 146 57
146 147 27
147 148 29
147 149 36
149 150 60
150 151 202
151 152 103
152 153 81
153 154 99
154 155 47
155 156 29
156 157 87
157 158 105
158 159 79
159 160 42
160 161 21
161 162 22
162 163 34
163 164 77
164 165 115
165 166 79
166 167 56
167 168 68
168 169 66
169 170 33
170 171 69
171 172 67
153 173 7
173 174 94
174 175 67
175 176 73
176 177 63
177 178 57
178 179 108
179 180 204
180 181 146
181 182 55
182 183 87
183 184 138
184 185 93
185 186 60
186 187 48
187 188 58
188 189 12
189 190 32
190 191 36
191 192 44
192 193 14
193 194 12
194 195 9
195 196 10
196 197 26
197 198 9
198 199 14
199 200 22
200 201 9
201 202 21
202 203 39
203 204 79
204 205 26
205 206 31
206 207 17
207 208 18
208 209 36
209 210 16
210 211 14
211 212 12
212 213 39
213 214 71
214 215 24
215 216 24
216 217 35
217 218 13
218 219 17
219 220 30
220 221 14
221 222 10
222 223 19
223 224 28
224 225 17
225 226 9
226 227 13
227 228 47
228 229 16
229 230 109
230 231 69
231 232 36
232 233 34
233 234 48
234 235 15
185 236 38
236 237 107
237 238 119
238 239 177
239 240 38
240 241 34
241 242 50
242 243 60
243 244 74
244 245 64
245 246 42
246 247 42
247 248 40
248 249 116
249 250 21
250 251 31
251 252 100
252 253 41
239 254 18
254 255 85
255 256 52
256 257 152
257 258 135
258 259 70
259 260 63
260 261 34
260 262 76
260 263 273
263 264 17
264 265 257
265 266 32
263 267 13
254 268 49
268 269 156
269 270 191
270 271 23
271 272 17
272 273 10
273 274 13
274 275 29
275 276 16
276 277 17
277 278 8
278 279 11
279 280 16
280 281 29
281 282 57
282 283 61
283 284 59
284 285 13
285 286 9
286 287 8
287 288 12
288 289 28
289 290 42
290 291 23
291 292 24
292 293 153
284 294 30
294 295 28
295 296 43
296 297 10
297 298 16
298 299 31
299 300 20
300 301 19
301 302 16
302 303 16
303 304 9
304 305 7
305 306 10
306 307 11
307 308 16
308 309 30
309 310 27
310 311 14
311 312 16
312 313 16
313 314 13
314 315 12
315 316 15
316 317 24
317 318 15
318 319 10
319 320 19
320 321 11
321 322 13
322 323 19
323 324 12
324 325 11
325 326 15
326 327 14
327 328 9
328 329 8
329 330 11
330 331 11
331 332 10
332 333 15
333 334 12
334 335 8
335 336 15
336 337 12
337 338 9
338 339 8
339 340 13
340 341 17
341 342 9
342 343 11
343 344 10
344 345 11
345 346 13
346 347 20
347 348 23
348 349 15
349 350 11
350 351 10
351 352 11
352 353 20
353 354 27
354 355 32
355 356 11
356 357 12
355 358 18
358 359 18
359 360 10
359 361 5
361 362 7
362 363 6
363 364 10
364 365 27
365 366 25
366 367 17
367 368 12
368 369 12
369 370 25
370 371 37
371 372 23
372 373 26
373 374 7
374 375 13
375 376 20
376 377 15
377 378 11
378 379 11
379 380 10
380 381 16
381 382 13
382 383 10
383 384 13
384 385 12
385 386 14
386 387 13
387 388 16
388 389 35
389 390 22
390 391 29
391 392 17
392 393 16
393 394 18
394 395 23
395 396 23
396 397 25
397 398 13
398 399 8
399 400 14
400 401 11
401 402 7
402 403 10
403 404 13
404 405 10
405 406 10
406 407 10
407 408 11
408 409 13
409 410 11
410 411 7
411 412 9
412 413 4
413 414 7
413 415 4
415 416 7
416 417 6
417 418 8
418 419 6
419 420 7
420 421 6
421 422 14
422 423 7
423 424 10
424 425 6
425 426 5
426 427 6
427 428 6
428 429 10
429 430 26
430 431 15
431 432 10
432 433 9
433 434 9
434 435 9
435 436 7
436 437 7
437 438 10
438 439 5
439 440 7
440 441 6
441 442 12
442 443 9
443 444 6
444 445 13
445 446 12
446 447 10
447 448 9
448 449 11
449 450 7
450 451 10
451 452 15
452 453 17
453 454 14
454 455 11
455 456 7
456 457 9
457 458 11
458 459 14
458 460 10
460 461 13
461 462 18
462 463 13
463 464 42
464 465 52
465 466 31
466 467 12
466 468 1
468 469 35
469 470 23
470 471 18
471 472 11
472 473 15
473 474 20
474 475 11
475 476 8
476 477 6
477 478 5
478 479 7
479 480 7
480 481 7
481 482 12
482 483 12
483 484 9
484 485 6
485 486 6
486 487 6
487 488 9
488 489 8
489 490 6
490 491 3
491 492 13
492 493 6
493 494 8
494 495 5
495 496 5
496 497 10
497 498 13
498 499 12
499 500 13
500 501 12
501 502 10
502 503 8
503 504 13
504 505 10
505 506 8
506 507 15
507 508 7
508 509 8
509 510 9
510 511 10
511 512 13
512 513 13
513 514 11
514 515 7
515 516 8
516 517 11
517 518 10
518 519 9
519 520 12
520 521 12
521 522 8
522 523 11
523 524 8
524 525 6
525 526 7
526 527 8
527 528 11
528 529 8
529 530 10
530 531 13
531 532 14
532 533 16
533 534 10
534 535 7
535 536 4
536 537 5
537 538 4
538 539 4
539 540 5
540 541 31
541 542 15
542 543 12
543 544 8
544 545 6
545 546 5
546 547 5
547 548 6
548 549 13
549 550 8
550 551 11
551 552 17
552 553 7
553 554 7
554 555 9
555 556 6
556 557 9
557 558 8
558 559 15
559 560 14
560 561 8
561 562 9
562 563 8
563 564 9
564 565 9
565 566 12
566 567 16
567 568 11
568 569 10
569 570 6
570 571 9
571 572 18
572 573 12
573 574 13
574 575 10
575 576 9
576 577 8
577 578 22
578 579 13
579 580 9
580 581 7
581 582 8
582 583 8
583 584 7
584 585 9
585 586 8
586 587 11
587 588 8
588 589 13
589 590 13
590 591 21
591 592 33
592 593 26
593 594 13
594 595 12
595 596 10
596 597 7
597 598 6
598 599 6
599 600 8
600 601 10
601 602 9
602 603 8
603 604 11
604 605 16
605 606 16
606 607 9
607 608 9
608 609 5
609 610 10
610 611 13
611 612 8
612 613 8
613 614 9
614 615 6
615 616 8
616 617 14
617 618 8
618 619 8
619 620 9
620 621 5
621 622 7
622 623 9
623 624 9
624 625 7
625 626 11
626 627 13
627 628 12
628 629 12
629 630 8
630 631 11
631 632 13
632 633 13
633 634 7
634 635 6
635 636 9
636 637 10
637 638 10
638 639 8
639 640 9
640 641 11
641 642 12
642 643 9
643 644 8
644 645 13
645 646 12
646 647 16
647 648 10
648 649 16
649 650 10
650 651 14
651 652 12
652 653 19
653 654 4
654 655 7
655 656 9
656 657 9
657 658 9
658 659 8
659 660 5
660 661 5
661 662 8
662 663 12
663 664 20
664 665 12
665 666 19
666 667 14
667 668 20
668 669 14
669 670 11
670 671 11
671 672 8
672 673 7
673 674 8
674 675 9
675 676 9
676 677 18
677 678 7
678 679 10
679 680 12
680 681 22
681 682 11
682 683 20
683 684 11
684 685 9
685 686 9
686 687 9
687 688 11
688 689 7
689 690 7
690 691 9
691 692 14
692 693 9
693 694 14
694 695 7
695 696 7
696 697 5
697 698 12
698 699 12
699 700 13
700 701 16
701 702 13
702 703 17
703 704 11
704 705 14
705 706 12
706 707 13
707 708 6
708 709 11
709 710 15
710 711 17
711 712 11
712 713 11
713 714 12
714 715 11
715 716 20
716 717 10
717 718 13
718 719 9
719 720 8
720 721 6
721 722 3
722 723 7
723 724 7
724 725 7
725 726 15
726 727 10
727 728 8
728 729 11
729 730 9
730 731 10
731 732 9
732 733 8
733 734 7
734 735 16
735 736 14
736 737 8
737 738 9
738 739 8
739 740 4
740 741 7
741 742 9
742 743 8
743 744 7
744 745 5
745 746 7
746 747 3
747 748 6
748 749 10
749 750 8
750 751 6
751 752 6
752 753 4
753 754 4
754 755 5
755 756 4
756 757 5
757 758 10
758 759 12
759 760 11
760 761 13
761 762 27
762 763 13
763 764 14
764 765 14
765 766 12
766 767 24
767 768 13
768 769 7
769 770 6
770 771 5
771 772 7
772 773 13
773 774 9
774 775 8
775 776 12
776 777 8
777 778 9
778 779 11
779 780 8
780 781 6
781 782 6
782 783 9
783 784 11
784 785 10
785 786 5
786 787 7
787 788 8
788 789 6
789 790 7
790 791 7
791 792 6
792 793 5
793 794 16
794 795 9
795 796 5
796 797 9
797 798 8
798 799 8
799 800 6
800 801 5
801 802 5
802 803 6
803 804 5
804 805 7
805 806 9
806 807 10
807 808 4
808 809 6
809 810 7
810 811 13
811 812 11
812 813 5
813 814 4
814 815 6
815 816 5
816 817 11
817 818 8
818 819 9
819 820 8
820 821 14
821 822 24
822 823 23
823 824 16
824 825 16
825 826 50
826 827 23
827 828 29
828 829 39
828 830 15
830 831 12
831 832 14
832 833 9
833 834 13
834 835 15
835 836 13
836 837 32
837 838 29
838 839 16
839 840 17
840 841 6
841 842 7
842 843 8
843 844 9
844 845 9
845 846 4
846 847 7
847 848 7
848 849 8
849 850 9
850 851 7
851 852 12
852 853 14
853 854 10
854 855 7
855 856 8
856 857 7
857 858 7
858 859 9
859 860 10
860 861 10
861 862 8
862 863 5
863 864 9
864 865 13
865 866 7
866 867 11
867 868 14
868 869 14
869 870 18
870 871 5
871 872 8
872 873 7
873 874 9
874 875 7
875 876 7
876 877 21
877 878 13
878 879 12
879 880 19
880 881 15
881 882 10
882 883 16
883 884 13
884 885 9
885 886 7
886 887 10
887 888 18
888 889 16
889 890 14
890 891 12
891 892 14
892 893 8
893 894 10
894 895 11
895 896 11
896 897 12
897 898 13
898 899 16
899 900 11
900 901 11
901 902 11
902 903 12
903 904 14
904 905 11
905 906 14
906 907 18
907 908 18
908 909 16
909 910 15
910 911 10
911 912 5
912 913 5
913 914 6
914 915 9
915 916 8
916 917 8
917 918 20
918 919 14
919 920 14
920 921 13
892 922 13
270 923 39
923 924 76
924 925 41
923 926 41
926 927 48
927 928 80
928 929 88
929 930 56
930 931 61
931 932 56
932 933 97
933 934 131
934 935 71
935 936 89
936 937 20
937 938 49
938 939 57
939 940 35
940 941 53
941 942 120
942 943 35
943 944 32
944 945 16
945 946 45
946 947 16
932 948 238
948 949 282
949 950 58
950 951 132
950 952 211
952 953 6
950 954 173
949 955 69
955 956 39
956 957 33
957 958 22
958 959 174
959 960 48
960 961 34
961 962 37
962 963 15
963 964 15
964 965 68
965 966 35
966 967 105
967 968 24
968 969 49
969 970 35
970 971 60
971 972 9
972 973 14
973 974 21
974 975 43
975 976 12
976 977 11
977 978 10
978 979 6
979 980 10
980 981 7
981 982 12
982 983 6
983 984 17
984 985 28
985 986 19
986 987 13
973 988 16
955 989 34
989 990 183
990 991 61
991 992 217
992 993 26
993 994 13
994 995 16
995 996 22
996 997 45
997 998 22
998 999 29
999 1000 14
1000 1001 24
1001 1002 30
1002 1003 14
1003 1004 16
1004 1005 9
1005 1006 25
1006 1007 12
1007 1008 41
1008 1009 56
1009 1010 27
1010 1011 19
1011 1012 20
1012 1013 22
1013 1014 11
1014 1015 16
1015 1016 23
1016 1017 14
1017 1018 10
1018 1019 28
1019 1020 16
1020 1021 18
1021 1022 11
1022 1023 8
1023 1024 16
1024 1025 42
1025 1026 69
1026 1027 13
1027 1028 15
1028 1029 9
1029 1030 14
1030 1031 20
1031 1032 15
1032 1033 11
1033 1034 8
1034 1035 7
1035 1036 17
1036 1037 21
1037 1038 13
1038 1039 45
1039 1040 6
1040 1041 5
1041 1042 5
1042 1043 16
1043 1044 39
1044 1045 9
1045 1046 10
1046 1047 17
1047 1048 16
1048 1049 49
1049 1050 57
1050 1051 21
1051 1052 12
1052 1053 12
1053 1054 17
1054 1055 37
1055 1056 14
1056 1057 9
1057 1058 9
1058 1059 16
1059 1060 12
1060 1061 24
1061 1062 46
1062 1063 10
1063 1064 26
1064 1065 10
1065 1066 8
1066 1067 13
1067 1068 52
1068 1069 9
1069 1070 12
1070 1071 38
1071 1072 10
1072 1073 74
1073 1074 26
1074 1075 10
1075 1076 7
1076 1077 55
1076 1078 10
1078 1079 13
1079 1080 43
1080 1081 18
1081 1082 22
1082 1083 112
1083 1084 13
1084 1085 14
1085 1086 35
1086 1087 56
1087 1088 12
1088 1089 19
1089 1090 158
1090 1091 15
1091 1092 31
1092 1093 13
1093 1094 38
1094 1095 7
1095 1096 9
1096 1097 10
1097 1098 47
1098 1099 16
1099 1100 12
1100 1101 14
1101 1102 19
1102 1103 68
1103 1104 21
1104 1105 19
1105 1106 85
1106 1107 55
1107 1108 15
1108 1109 17
1109 1110 82
1110 1111 27
1111 1112 23
1112 1113 59
1113 1114 39
1114 1115 67
1115 1116 23
1116 1117 20
1117 1118 26
1118 1119 27
1119 1120 20
1120 1121 11
1121 1122 8
1122 1123 8
1123 1124 9
1124 1125 8
1125 1126 12
1126 1127 9
1127 1128 9
1128 1129 22
1129 1130 27
1130 1131 20
1131 1132 20
1132 1133 64
1133 1134 53
1134 1135 43
1134 1136 49
1136 1137 42
1137 1138 49
1138 1139 88
1139 1140 25
1140 1141 23
1140 1142 100
1142 1143 90
1143 1144 332
1144 1145 329
1145 1146 119
1146 1147 155
1147 1148 100
1148 1149 174
1149 1150 137
1150 1151 79
1151 1152 29
1152 1153 61
1153 1154 83
1154 1155 52
1155 1156 128
1156 1157 49
1157 1158 43
1158 1159 41
1159 1160 112
1160 1161 76
1161 1162 29
1162 1163 14
1163 1164 10
1164 1165 13
1165 1166 64
1166 1167 38
1167 1168 14
1168 1169 15
1169 1170 20
1170 1171 18
1171 1172 55
1172 1173 31
1173 1174 32
1174 1175 42
1175 1176 35
1176 1177 43
1177 1178 18
1178 1179 12
1179 1180 10
1180 1181 27
1181 1182 38
1182 1183 29
1183 1184 17
1184 1185 10
1185 1186 13
1186 1187 25
1187 1188 20
1188 1189 24
1189 1190 10
1190 1191 10
1191 1192 9
1192 1193 12
1193 1194 14
1194 1195 8
1195 1196 9
1196 1197 8
1197 1198 10
1198 1199 6
1199 1200 9
1200 1201 17
1201 1202 26
1202 1203 17
1203 1204 13
1204 1205 9
1205 1206 10
1206 1207 9
1207 1208 13
1208 1209 14
1209 1210 14
1210 1211 19
1211 1212 11
1212 1213 55
1213 1214 8
1214 1215 12
1215 1216 12
1216 1217 9
1217 1218 9
1218 1219 9
1219 1220 14
1220 1221 12
1221 1222 11
1222 1223 14
1223 1224 10
1224 1225 9
1225 1226 11
1226 1227 7
1227 1228 8
1228 1229 10
1229 1230 35
1230 1231 34
1231 1232 15
1232 1233 11
1233 1234 41
1234 1235 20
1235 1236 28
1236 1237 40
1237 1238 26
1238 1239 50
1239 1240 10
1240 1241 34
1241 1242 41
1242 1243 14
1243 1244 11
1244 1245 53
1229 1246 15
1246 1247 13
1247 1248 37
1248 1249 23
1249 1250 16
1250 1251 20
1251 1252 35
1252 1253 68
1253 1254 66
1254 1255 34
1255 1256 38
1256 1257 36
1257 1258 15
1258 1259 12
1259 1260 9
1260 1261 9
1261 1262 8
1262 1263 5
1263 1264 10
1264 1265 6
1265 1266 9
1266 1267 8
1267 1268 7
1268 1269 7
1269 1270 7
1270 1271 9
1271 1272 28
1272 1273 18
1273 1274 15
1274 1275 17
1275 1276 14
1276 1277 13
1277 1278 9
1278 1279 10
1279 1280 13
1280 1281 15
1281 1282 12
1282 1283 14
1283 1284 20
1284 1285 12
1285 1286 11
1286 1287 9
1287 1288 8
1288 1289 16
1289 1290 17
1290 1291 14
1291 1292 10
1292 1293 16
1293 1294 8
1294 1295 7
1295 1296 7
1296 1297 9
1297 1298 7
1298 1299 11
1299 1300 10
1300 1301 9
1301 1302 6
1302 1303 11
1303 1304 12
1304 1305 12
1305 1306 6
1306 1307 5
1307 1308 4
1308 1309 8
1309 1310 11
1310 1311 13
1311 1312 16
1312 1313 17
1313 1314 14
1314 1315 20
1315 1316 21
1316 1317 18
1317 1318 13
1318 1319 11
1319 1320 10
1320 1321 10
1321 1322 16
1322 1323 16
1323 1324 16
1324 1325 20
1325 1326 23
1326 1327 15
1327 1328 30
1328 1329 30
1329 1330 16
1330 1331 9
-------------- Soma dos pesos: 37105 -----------
-------------- Tempo de execução -----------------
