PARAMETER: 
csv not given, default assumed ()
outfile not given, default assumed ()
	algo: kruskal
	check: 0
	csv: 
	giantCC: 0
	input: ./data/grafo3_nao_direcionado.wsoap
	outfile: 
	root: 0
load graph finished in 1 ms
n      =1000
m      =8000
check weights finished in 0 ms
construct algo DS finished in 0 ms
run algo finished in 0 ms
reconstruct finished in 0 ms
destroy finished in 0 ms
total finished in 0 ms
n      =1000
m      =8000
w      =15506
w%1e9  =15506
w/1e9  =0
Edges and weights of the MST:
0 1 68
1 0 68
1 2 1
2 1 1
2 3 97
3 2 97
3 4 47
4 3 47
4 5 21
5 4 21
5 6 46
6 5 46
6 7 3
7 6 3
7 8 97
8 7 97
8 9 80
9 8 80
9 10 92
10 9 92
10 11 56
11 10 56
11 12 12
12 11 12
12 13 30
13 12 30
13 14 88
14 13 88
14 15 19
15 14 19
15 16 36
16 15 36
16 17 21
17 16 21
17 18 19
18 17 19
18 19 11
19 18 11
19 20 18
20 19 18
20 21 28
21 20 28
21 22 54
22 21 54
22 23 25
23 22 25
23 24 54
24 23 54
24 25 74
25 24 74
25 26 18
26 25 18
26 27 5
27 26 5
27 28 22
28 27 22
28 29 16
29 28 16
29 30 82
30 29 82
30 31 85
31 30 85
31 32 38
32 31 38
32 33 56
33 32 56
33 34 21
34 33 21
34 35 85
35 34 85
35 36 60
36 35 60
36 37 22
37 36 22
37 38 55
38 37 55
38 39 6
39 38 6
39 40 78
40 39 78
40 41 35
41 40 35
41 42 21
42 41 21
42 43 25
43 42 25
43 44 95
44 43 95
44 45 48
45 44 48
45 46 39
46 45 39
46 47 54
47 46 54
47 48 98
48 47 98
48 49 19
49 48 19
49 50 66
50 49 66
50 51 29
51 50 29
51 52 78
52 51 78
52 53 87
53 52 87
53 54 78
54 53 78
54 55 82
55 54 82
55 56 87
56 55 87
56 57 16
57 56 16
57 58 92
58 57 92
58 59 47
59 58 47
59 60 91
60 59 91
60 61 17
61 60 17
61 62 58
62 61 58
62 63 16
63 62 16
63 64 6
64 63 6
64 65 38
65 64 38
65 66 67
66 65 67
66 67 18
67 66 18
67 68 41
68 67 41
68 69 66
69 68 66
69 70 50
70 69 50
70 71 42
71 70 42
71 72 10
72 71 10
72 73 99
73 72 99
73 74 34
74 73 34
74 75 80
75 74 80
75 76 56
76 75 56
76 77 19
77 76 19
77 78 93
78 77 93
78 79 71
79 78 71
79 80 60
80 79 60
80 81 69
81 80 69
81 82 100
82 81 100
82 83 26
83 82 26
83 84 53
84 83 53
84 85 82
85 84 82
85 86 15
86 85 15
86 87 31
87 86 31
87 88 77
88 87 77
88 89 3
89 88 3
89 90 22
90 89 22
90 91 78
91 90 78
91 92 10
92 91 10
92 93 14
93 92 14
93 94 65
94 93 65
94 95 56
95 94 56
95 96 38
96 95 38
96 97 14
97 96 14
97 98 7
98 97 7
98 99 37
99 98 37
99 100 72
100 99 72
100 101 28
101 100 28
101 102 7
102 101 7
102 103 34
103 102 34
103 104 30
104 103 30
104 105 94
105 104 94
105 106 56
106 105 56
106 107 77
107 106 77
107 108 31
108 107 31
108 109 85
109 108 85
109 110 16
110 109 16
110 111 49
111 110 49
111 112 82
112 111 82
112 113 59
113 112 59
113 114 81
114 113 81
114 115 23
115 114 23
115 116 88
116 115 88
116 117 67
117 116 67
117 118 21
118 117 21
118 119 72
119 118 72
119 120 85
120 119 85
120 121 16
121 120 16
121 122 92
122 121 92
122 123 72
123 122 72
123 124 92
124 123 92
124 125 20
125 124 20
125 126 23
126 125 23
126 127 57
127 126 57
127 128 51
128 127 51
128 129 21
129 128 21
129 130 38
130 129 38
130 131 50
131 130 50
131 132 13
132 131 13
132 133 85
133 132 85
133 134 33
134 133 33
134 135 69
135 134 69
135 136 11
136 135 11
136 137 63
137 136 63
137 138 48
138 137 48
138 139 93
139 138 93
139 140 51
140 139 51
140 141 30
141 140 30
141 142 37
142 141 37
142 143 7
143 142 7
143 144 28
144 143 28
144 145 99
145 144 99
145 146 46
146 145 46
146 147 25
147 146 25
147 148 86
148 147 86
148 149 82
149 148 82
149 150 82
150 149 82
150 151 32
151 150 32
151 152 41
152 151 41
152 153 28
153 152 28
153 154 72
154 153 72
154 155 72
155 154 72
155 156 76
156 155 76
156 157 20
157 156 20
157 158 10
158 157 10
158 159 33
159 158 33
159 160 69
160 159 69
160 161 19
161 160 19
161 162 57
162 161 57
162 163 5
163 162 5
163 164 23
164 163 23
164 165 18
165 164 18
165 166 63
166 165 63
166 167 8
167 166 8
167 168 98
168 167 98
168 169 61
169 168 61
169 170 12
170 169 12
170 171 84
171 170 84
171 172 87
172 171 87
172 173 9
173 172 9
173 174 73
174 173 73
174 175 39
175 174 39
175 176 29
176 175 29
176 177 41
177 176 41
177 178 96
178 177 96
178 179 45
179 178 45
179 180 12
180 179 12
180 181 24
181 180 24
181 182 67
182 181 67
182 183 9
183 182 9
183 184 67
184 183 67
184 185 42
185 184 42
185 186 9
186 185 9
186 187 15
187 186 15
187 188 63
188 187 63
188 189 22
189 188 22
189 190 70
190 189 70
190 191 60
191 190 60
191 192 34
192 191 34
192 193 51
193 192 51
193 194 41
194 193 41
194 195 13
195 194 13
195 196 54
196 195 54
196 197 98
197 196 98
197 198 88
198 197 88
198 199 86
199 198 86
199 200 95
200 199 95
200 201 6
201 200 6
201 202 53
202 201 53
202 203 25
203 202 25
203 204 25
204 203 25
204 205 20
205 204 20
205 206 99
206 205 99
206 207 45
207 206 45
207 208 5
208 207 5
208 209 47
209 208 47
209 210 93
210 209 93
210 211 30
211 210 30
211 212 100
212 211 100
212 213 93
213 212 93
213 214 31
214 213 31
214 215 66
215 214 66
215 216 79
216 215 79
216 217 70
217 216 70
217 218 97
218 217 97
218 219 100
219 218 100
219 220 69
220 219 69
220 221 83
221 220 83
221 222 18
222 221 18
222 223 43
223 222 43
223 224 63
224 223 63
224 225 89
225 224 89
225 226 47
226 225 47
226 227 90
227 226 90
227 228 91
228 227 91
228 229 44
229 228 44
229 230 79
230 229 79
230 231 63
231 230 63
231 232 79
232 231 79
232 233 95
233 232 95
233 234 52
234 233 52
234 235 4
235 234 4
235 236 41
236 235 41
236 237 35
237 236 35
237 238 92
238 237 92
238 239 62
239 238 62
239 240 64
240 239 64
240 241 34
241 240 34
241 242 91
242 241 91
242 243 92
243 242 92
243 244 97
244 243 97
244 245 83
245 244 83
245 246 15
246 245 15
246 247 86
247 246 86
247 248 46
248 247 46
248 249 72
249 248 72
249 250 85
250 249 85
250 251 32
251 250 32
251 252 84
252 251 84
252 253 7
253 252 7
253 254 74
254 253 74
254 255 81
255 254 81
255 256 6
256 255 6
256 257 98
257 256 98
257 258 13
258 257 13
258 259 69
259 258 69
259 260 7
260 259 7
260 261 3
261 260 3
261 262 6
262 261 6
262 263 93
263 262 93
263 264 53
264 263 53
264 265 70
265 264 70
265 266 58
266 265 58
266 267 24
267 266 24
267 268 4
268 267 4
268 269 35
269 268 35
269 270 72
270 269 72
270 271 6
271 270 6
271 272 2
272 271 2
272 273 81
273 272 81
273 274 13
274 273 13
274 275 40
275 274 40
275 276 10
276 275 10
276 277 46
277 276 46
277 278 87
278 277 87
278 279 78
279 278 78
279 280 99
280 279 99
280 281 85
281 280 85
281 282 9
282 281 9
282 283 87
283 282 87
283 284 24
284 283 24
284 285 90
285 284 90
285 286 64
286 285 64
286 287 66
287 286 66
287 288 33
288 287 33
288 289 70
289 288 70
289 290 29
290 289 29
290 291 97
291 290 97
291 292 20
292 291 20
292 293 91
293 292 91
293 294 46
294 293 46
294 295 96
295 294 96
295 296 48
296 295 48
296 297 2
297 296 2
297 298 61
298 297 61
298 299 59
299 298 59
299 300 49
300 299 49
300 301 94
301 300 94
301 302 1
302 301 1
302 303 23
303 302 23
303 304 53
304 303 53
304 305 84
305 304 84
305 306 49
306 305 49
306 307 18
307 306 18
307 308 54
308 307 54
308 309 57
309 308 57
309 310 61
310 309 61
310 311 63
311 310 63
311 312 96
312 311 96
312 313 69
313 312 69
313 314 26
314 313 26
314 315 31
315 314 31
315 316 39
316 315 39
316 317 94
317 316 94
317 318 38
318 317 38
318 319 58
319 318 58
319 320 88
320 319 88
320 321 22
321 320 22
321 322 31
322 321 31
322 323 64
323 322 64
323 324 72
324 323 72
324 325 98
325 324 98
325 326 47
326 325 47
326 327 88
327 326 88
327 328 28
328 327 28
328 329 20
329 328 20
329 330 22
330 329 22
330 331 44
331 330 44
331 332 57
332 331 57
332 333 30
333 332 30
333 334 54
334 333 54
334 335 98
335 334 98
335 336 63
336 335 63
336 337 51
337 336 51
337 338 52
338 337 52
338 339 97
339 338 97
339 340 6
340 339 6
340 341 40
341 340 40
341 342 22
342 341 22
342 343 29
343 342 29
343 344 92
344 343 92
344 345 84
345 344 84
345 346 98
346 345 98
346 347 91
347 346 91
347 348 12
348 347 12
348 349 38
349 348 38
349 350 45
350 349 45
350 351 45
351 350 45
351 352 68
352 351 68
352 353 61
353 352 61
353 354 77
354 353 77
354 355 19
355 354 19
355 356 65
356 355 65
356 357 34
357 356 34
357 358 5
358 357 5
358 359 87
359 358 87
359 360 27
360 359 27
360 361 83
361 360 83
361 362 36
362 361 36
362 363 8
363 362 8
363 364 29
364 363 29
364 365 96
365 364 96
365 366 81
366 365 81
366 367 100
367 366 100
367 368 54
368 367 54
368 369 56
369 368 56
369 370 47
370 369 47
370 371 14
371 370 14
371 372 72
372 371 72
372 373 100
373 372 100
373 374 66
374 373 66
374 375 21
375 374 21
375 376 54
376 375 54
376 377 63
377 376 63
377 378 19
378 377 19
378 379 71
379 378 71
379 380 58
380 379 58
380 381 48
381 380 48
381 382 91
382 381 91
382 383 29
383 382 29
383 384 45
384 383 45
384 385 92
385 384 92
385 386 68
386 385 68
386 387 6
387 386 6
387 388 12
388 387 12
388 389 91
389 388 91
389 390 32
390 389 32
390 391 33
391 390 33
391 392 3
392 391 3
392 393 95
393 392 95
393 394 73
394 393 73
394 395 27
395 394 27
395 396 80
396 395 80
396 397 18
397 396 18
397 398 4
398 397 4
398 399 91
399 398 91
399 400 62
400 399 62
400 401 17
401 400 17
401 402 23
402 401 23
402 403 96
403 402 96
403 404 82
404 403 82
404 405 87
405 404 87
405 406 10
406 405 10
406 407 50
407 406 50
407 408 83
408 407 83
408 409 36
409 408 36
409 410 91
410 409 91
410 411 83
411 410 83
411 412 63
412 411 63
412 413 3
413 412 3
413 414 61
414 413 61
414 415 92
415 414 92
415 416 9
416 415 9
416 417 38
417 416 38
417 418 83
418 417 83
418 419 87
419 418 87
419 420 10
420 419 10
420 421 5
421 420 5
421 422 84
422 421 84
422 423 48
423 422 48
423 424 3
424 423 3
424 425 22
425 424 22
425 426 75
426 425 75
426 427 55
427 426 55
427 428 2
428 427 2
428 429 22
429 428 22
429 430 29
430 429 29
430 431 89
431 430 89
431 432 93
432 431 93
432 433 41
433 432 41
433 434 59
434 433 59
434 435 38
435 434 38
435 436 26
436 435 26
436 437 23
437 436 23
437 438 40
438 437 40
438 439 29
439 438 29
439 440 57
440 439 57
440 441 45
441 440 45
441 442 28
442 441 28
442 443 60
443 442 60
443 444 6
444 443 6
444 445 32
445 444 32
445 446 63
446 445 63
446 447 69
447 446 69
447 448 20
448 447 20
448 449 39
449 448 39
449 450 77
450 449 77
450 451 60
451 450 60
451 452 41
452 451 41
452 453 17
453 452 17
453 454 55
454 453 55
454 455 30
455 454 30
455 456 83
456 455 83
456 457 88
457 456 88
457 458 48
458 457 48
458 459 16
459 458 16
459 460 57
460 459 57
460 461 65
461 460 65
461 462 88
462 461 88
462 463 46
463 462 46
463 464 17
464 463 17
464 465 54
465 464 54
465 466 45
466 465 45
466 467 23
467 466 23
467 468 83
468 467 83
468 469 1
469 468 1
469 470 33
470 469 33
470 471 23
471 470 23
471 472 69
472 471 69
472 473 41
473 472 41
473 474 24
474 473 24
474 475 36
475 474 36
475 476 85
476 475 85
476 477 24
477 476 24
477 478 14
478 477 14
478 479 6
479 478 6
479 480 33
480 479 33
480 481 53
481 480 53
481 482 98
482 481 98
482 483 28
483 482 28
483 484 38
484 483 38
484 485 72
485 484 72
485 486 61
486 485 61
486 487 28
487 486 28
487 488 25
488 487 25
488 489 97
489 488 97
489 490 42
490 489 42
490 491 62
491 490 62
491 492 40
492 491 40
492 493 93
493 492 93
493 494 43
494 493 43
494 495 13
495 494 13
495 496 44
496 495 44
496 497 29
497 496 29
497 498 50
498 497 50
498 499 25
499 498 25
499 500 88
500 499 88
500 501 55
501 500 55
501 502 58
502 501 58
502 503 35
503 502 35
503 504 66
504 503 66
504 505 68
505 504 68
505 506 64
506 505 64
506 507 97
507 506 97
507 508 66
508 507 66
508 509 19
509 508 19
509 510 87
510 509 87
510 511 27
511 510 27
511 512 63
512 511 63
512 513 30
513 512 30
513 514 53
514 513 53
514 515 41
515 514 41
515 516 60
516 515 60
516 517 18
517 516 18
517 518 30
518 517 30
518 519 3
519 518 3
519 520 43
520 519 43
520 521 46
521 520 46
521 522 70
522 521 70
522 523 72
523 522 72
523 524 79
524 523 79
524 525 88
525 524 88
525 526 81
526 525 81
526 527 40
527 526 40
527 528 70
528 527 70
528 529 31
529 528 31
529 530 44
530 529 44
530 531 5
531 530 5
531 532 27
532 531 27
532 533 5
533 532 5
533 534 37
534 533 37
534 535 61
535 534 61
535 536 66
536 535 66
536 537 70
537 536 70
537 538 29
538 537 29
538 539 30
539 538 30
539 540 13
540 539 13
540 541 10
541 540 10
541 542 10
542 541 10
542 543 24
543 542 24
543 544 30
544 543 30
544 545 85
545 544 85
545 546 42
546 545 42
546 547 50
547 546 50
547 548 44
548 547 44
548 549 20
549 548 20
549 550 2
550 549 2
550 551 32
551 550 32
551 552 6
552 551 6
552 553 15
553 552 15
553 554 32
554 553 32
554 555 47
555 554 47
555 556 27
556 555 27
556 557 19
557 556 19
557 558 15
558 557 15
558 559 62
559 558 62
559 560 45
560 559 45
560 561 54
561 560 54
561 562 90
562 561 90
562 563 51
563 562 51
563 564 64
564 563 64
564 565 28
565 564 28
565 566 65
566 565 65
566 567 32
567 566 32
567 568 79
568 567 79
568 569 63
569 568 63
569 570 35
570 569 35
570 571 26
571 570 26
571 572 45
572 571 45
572 573 67
573 572 67
573 574 1
574 573 1
574 575 86
575 574 86
575 576 89
576 575 89
576 577 81
577 576 81
577 578 52
578 577 52
578 579 70
579 578 70
579 580 19
580 579 19
580 581 41
581 580 41
581 582 36
582 581 36
582 583 95
583 582 95
583 584 98
584 583 98
584 585 85
585 584 85
585 586 53
586 585 53
586 587 11
587 586 11
587 588 73
588 587 73
588 589 29
589 588 29
589 590 99
590 589 99
590 591 93
591 590 93
591 592 15
592 591 15
592 593 33
593 592 33
593 594 26
594 593 26
594 595 46
595 594 46
595 596 17
596 595 17
596 597 16
597 596 16
597 598 65
598 597 65
598 599 45
599 598 45
599 600 66
600 599 66
600 601 93
601 600 93
601 602 10
602 601 10
602 603 43
603 602 43
603 604 38
604 603 38
604 605 92
605 604 92
605 606 79
606 605 79
606 607 79
607 606 79
607 608 85
608 607 85
608 609 6
609 608 6
609 610 66
610 609 66
610 611 80
611 610 80
611 612 27
612 611 27
612 613 58
613 612 58
613 614 64
614 613 64
614 615 48
615 614 48
615 616 7
616 615 7
616 617 39
617 616 39
617 618 79
618 617 79
618 619 33
619 618 33
619 620 17
620 619 17
620 621 62
621 620 62
621 622 66
622 621 66
622 623 99
623 622 99
623 624 70
624 623 70
624 625 70
625 624 70
625 626 36
626 625 36
626 627 52
627 626 52
627 628 80
628 627 80
628 629 92
629 628 92
629 630 6
630 629 6
630 631 75
631 630 75
631 632 28
632 631 28
632 633 7
633 632 7
633 634 23
634 633 23
634 635 42
635 634 42
635 636 78
636 635 78
636 637 82
637 636 82
637 638 74
638 637 74
638 639 7
639 638 7
639 640 55
640 639 55
640 641 17
641 640 17
641 642 11
642 641 11
642 643 42
643 642 42
643 644 12
644 643 12
644 645 95
645 644 95
645 646 66
646 645 66
646 647 32
647 646 32
647 648 60
648 647 60
648 649 12
649 648 12
649 650 1
650 649 1
650 651 92
651 650 92
651 652 80
652 651 80
652 653 65
653 652 65
653 654 73
654 653 73
654 655 62
655 654 62
655 656 41
656 655 41
656 657 41
657 656 41
657 658 35
658 657 35
658 659 12
659 658 12
659 660 92
660 659 92
660 661 91
661 660 91
661 662 39
662 661 39
662 663 34
663 662 34
663 664 7
664 663 7
664 665 26
665 664 26
665 666 10
666 665 10
666 667 97
667 666 97
667 668 41
668 667 41
668 669 67
669 668 67
669 670 65
670 669 65
670 671 88
671 670 88
671 672 100
672 671 100
672 673 25
673 672 25
673 674 45
674 673 45
674 675 38
675 674 38
675 676 25
676 675 25
676 677 100
677 676 100
677 678 1
678 677 1
678 679 48
679 678 48
679 680 57
680 679 57
680 681 98
681 680 98
681 682 60
682 681 60
682 683 93
683 682 93
683 684 93
684 683 93
684 685 12
685 684 12
685 686 83
686 685 83
686 687 95
687 686 95
687 688 4
688 687 4
688 689 37
689 688 37
689 690 12
690 689 12
690 691 33
691 690 33
691 692 8
692 691 8
692 693 19
693 692 19
693 694 49
694 693 49
694 695 100
695 694 100
695 696 61
696 695 61
696 697 58
697 696 58
697 698 48
698 697 48
698 699 26
699 698 26
699 700 50
700 699 50
700 701 76
701 700 76
701 702 69
702 701 69
702 703 83
703 702 83
703 704 67
704 703 67
704 705 21
705 704 21
705 706 24
706 705 24
706 707 93
707 706 93
707 708 83
708 707 83
708 709 38
709 708 38
709 710 67
710 709 67
710 711 88
711 710 88
711 712 10
712 711 10
712 713 86
713 712 86
713 714 52
714 713 52
714 715 83
715 714 83
715 716 35
716 715 35
716 717 18
717 716 18
717 718 6
718 717 6
718 719 67
719 718 67
719 720 41
720 719 41
720 721 72
721 720 72
721 722 87
722 721 87
722 723 1
723 722 1
723 724 39
724 723 39
724 725 2
725 724 2
725 726 4
726 725 4
726 727 34
727 726 34
727 728 8
728 727 8
728 729 73
729 728 73
729 730 90
730 729 90
730 731 27
731 730 27
731 732 3
732 731 3
732 733 28
733 732 28
733 734 56
734 733 56
734 735 82
735 734 82
735 736 45
736 735 45
736 737 27
737 736 27
737 738 26
738 737 26
738 739 28
739 738 28
739 740 82
740 739 82
740 741 73
741 740 73
741 742 97
742 741 97
742 743 32
743 742 32
743 744 8
744 743 8
744 745 36
745 744 36
745 746 99
746 745 99
746 747 53
747 746 53
747 748 10
748 747 10
748 749 60
749 748 60
749 750 62
750 749 62
750 751 59
751 750 59
751 752 40
752 751 40
752 753 25
753 752 25
753 754 76
754 753 76
754 755 76
755 754 76
755 756 15
756 755 15
756 757 2
757 756 2
757 758 83
758 757 83
758 759 6
759 758 6
759 760 23
760 759 23
760 761 48
761 760 48
761 762 26
762 761 26
762 763 40
763 762 40
763 764 83
764 763 83
764 765 56
765 764 56
765 766 46
766 765 46
766 767 43
767 766 43
767 768 10
768 767 10
768 769 48
769 768 48
769 770 76
770 769 76
770 771 3
771 770 3
771 772 61
772 771 61
772 773 71
773 772 71
773 774 59
774 773 59
774 775 39
775 774 39
775 776 42
776 775 42
776 777 73
777 776 73
777 778 93
778 777 93
778 779 92
779 778 92
779 780 9
780 779 9
780 781 59
781 780 59
781 782 78
782 781 78
782 783 38
783 782 38
783 784 14
784 783 14
784 785 73
785 784 73
785 786 16
786 785 16
786 787 95
787 786 95
787 788 76
788 787 76
788 789 6
789 788 6
789 790 38
790 789 38
790 791 60
791 790 60
791 792 58
792 791 58
792 793 81
793 792 81
793 794 63
794 793 63
794 795 85
795 794 85
795 796 48
796 795 48
796 797 2
797 796 2
797 798 64
798 797 64
798 799 32
799 798 32
799 800 84
800 799 84
800 801 23
801 800 23
801 802 32
802 801 32
802 803 16
803 802 16
803 804 26
804 803 26
804 805 37
805 804 37
805 806 57
806 805 57
806 807 92
807 806 92
807 808 22
808 807 22
808 809 99
809 808 99
809 810 20
810 809 20
810 811 46
811 810 46
811 812 13
812 811 13
812 813 68
813 812 68
813 814 98
814 813 98
814 815 94
815 814 94
815 816 99
816 815 99
816 817 88
817 816 88
817 818 10
818 817 10
818 819 32
819 818 32
819 820 50
820 819 50
820 821 82
821 820 82
821 822 17
822 821 17
822 823 64
823 822 64
823 824 39
824 823 39
824 825 44
825 824 44
825 826 36
826 825 36
826 827 57
827 826 57
827 828 58
828 827 58
828 829 90
829 828 90
829 830 99
830 829 99
830 831 53
831 830 53
831 832 89
832 831 89
832 833 41
833 832 41
833 834 19
834 833 19
834 835 83
835 834 83
835 836 13
836 835 13
836 837 7
837 836 7
837 838 30
838 837 30
838 839 95
839 838 95
839 840 99
840 839 99
840 841 82
841 840 82
841 842 12
842 841 12
842 843 42
843 842 42
843 844 52
844 843 52
844 845 74
845 844 74
845 846 13
846 845 13
846 847 70
847 846 70
847 848 93
848 847 93
848 849 34
849 848 34
849 850 94
850 849 94
850 851 14
851 850 14
851 852 63
852 851 63
852 853 62
853 852 62
853 854 46
854 853 46
854 855 54
855 854 54
855 856 41
856 855 41
856 857 31
857 856 31
857 858 4
858 857 4
858 859 82
859 858 82
859 860 49
860 859 49
860 861 39
861 860 39
861 862 67
862 861 67
862 863 71
863 862 71
863 864 25
864 863 25
864 865 73
865 864 73
865 866 89
866 865 89
866 867 60
867 866 60
867 868 37
868 867 37
868 869 38
869 868 38
869 870 33
870 869 33
870 871 18
871 870 18
871 872 51
872 871 51
872 873 78
873 872 78
873 874 42
874 873 42
874 875 6
875 874 6
875 876 60
876 875 60
876 877 80
877 876 80
877 878 92
878 877 92
878 879 26
879 878 26
879 880 68
880 879 68
880 881 28
881 880 28
881 882 11
882 881 11
882 883 20
883 882 20
883 884 34
884 883 34
884 885 61
885 884 61
885 886 36
886 885 36
886 887 19
887 886 19
887 888 51
888 887 51
888 889 67
889 888 67
889 890 51
890 889 51
890 891 33
891 890 33
891 892 95
892 891 95
892 893 29
893 892 29
893 894 20
894 893 20
894 895 55
895 894 55
895 896 98
896 895 98
896 897 65
897 896 65
897 898 66
898 897 66
898 899 53
899 898 53
899 900 38
900 899 38
900 901 22
901 900 22
901 902 11
902 901 11
902 903 77
903 902 77
903 904 11
904 903 11
904 905 8
905 904 8
905 906 60
906 905 60
906 907 93
907 906 93
907 908 77
908 907 77
908 909 9
909 908 9
909 910 92
910 909 92
910 911 94
911 910 94
911 912 14
912 911 14
912 913 97
913 912 97
913 914 78
914 913 78
914 915 100
915 914 100
915 916 64
916 915 64
916 917 51
917 916 51
917 918 59
918 917 59
918 919 13
919 918 13
919 920 79
920 919 79
920 921 1
921 920 1
921 922 84
922 921 84
922 923 61
923 922 61
923 924 67
924 923 67
924 925 58
925 924 58
925 926 18
926 925 18
926 927 78
927 926 78
927 928 12
928 927 12
928 929 69
929 928 69
929 930 18
930 929 18
930 931 29
931 930 29
931 932 14
932 931 14
932 933 20
933 932 20
933 934 67
934 933 67
934 935 50
935 934 50
935 936 97
936 935 97
936 937 41
937 936 41
937 938 82
938 937 82
938 939 74
939 938 74
939 940 28
940 939 28
940 941 67
941 940 67
941 942 99
942 941 99
942 943 31
943 942 31
943 944 86
944 943 86
944 945 80
945 944 80
945 946 5
946 945 5
946 947 31
947 946 31
947 948 25
948 947 25
948 949 97
949 948 97
949 950 45
950 949 45
950 951 58
951 950 58
951 952 46
952 951 46
952 953 42
953 952 42
953 954 95
954 953 95
954 955 57
955 954 57
955 956 60
956 955 60
956 957 13
957 956 13
957 958 16
958 957 16
958 959 56
959 958 56
959 960 64
960 959 64
960 961 85
961 960 85
961 962 67
962 961 67
962 963 77
963 962 77
963 964 59
964 963 59
964 965 3
965 964 3
965 966 100
966 965 100
966 967 40
967 966 40
967 968 40
968 967 40
968 969 49
969 968 49
969 970 93
970 969 93
970 971 88
971 970 88
971 972 23
972 971 23
972 973 57
973 972 57
973 974 1
974 973 1
974 975 5
975 974 5
975 976 62
976 975 62
976 977 86
977 976 86
977 978 44
978 977 44
978 979 62
979 978 62
979 980 29
980 979 29
980 981 78
981 980 78
981 982 94
982 981 94
982 983 47
983 982 47
983 984 61
984 983 61
984 985 67
985 984 67
985 986 76
986 985 76
986 987 20
987 986 20
987 988 52
988 987 52
988 989 82
989 988 82
989 990 38
990 989 38
990 991 100
991 990 100
991 992 93
992 991 93
992 993 97
993 992 97
993 994 35
994 993 35
994 995 30
995 994 30
995 996 29
996 995 29
996 997 94
997 996 94
997 998 10
998 997 10
998 999 54
999 998 54
990 789 21
789 990 21
122 492 19
492 122 19
486 562 12
562 486 12
679 117 97
117 679 97
264 532 86
532 264 86
183 711 15
711 183 15
489 259 100
259 489 100
491 593 76
593 491 76
730 471 96
471 730 96
571 19 72
19 571 72
729 615 14
615 729 14
791 519 70
519 791 70
35 742 9
742 35 9
121 142 82
142 121 82
723 69 93
69 723 93
923 250 85
250 923 85
311 52 60
52 311 60
836 997 44
997 836 44
143 908 58
908 143 58
623 553 80
553 623 80
378 491 40
491 378 40
364 409 52
409 364 52
71 231 75
231 71 75
46 697 9
697 46 9
994 953 2
953 994 2
106 504 62
504 106 62
788 660 100
660 788 100
760 65 18
65 760 18
328 38 36
38 328 36
699 494 98
494 699 98
720 247 90
247 720 90
807 237 1
237 807 1
848 475 59
475 848 59
815 930 62
930 815 62
794 917 82
917 794 82
397 63 71
63 397 71
119 71 37
71 119 37
909 212 54
212 909 54
738 955 90
955 738 90
485 771 48
771 485 48
531 364 46
364 531 46
231 117 58
117 231 58
635 579 77
579 635 77
220 297 35
297 220 35
104 276 23
276 104 23
336 638 20
638 336 20
906 541 34
541 906 34
682 856 97
856 682 97
347 570 97
570 347 97
544 138 84
138 544 84
536 805 19
805 536 19
625 490 84
490 625 84
37 251 53
251 37 53
194 676 31
676 194 31
65 139 15
139 65 15
192 61 33
61 192 33
405 40 49
40 405 49
979 345 26
345 979 26
919 377 25
377 919 25
468 168 19
168 468 19
595 195 9
195 595 9
439 390 40
390 439 40
795 97 88
97 795 88
853 995 55
995 853 55
996 296 55
296 996 55
446 650 93
650 446 93
504 940 9
940 504 9
25 327 11
327 25 11
197 687 1
687 197 1
9 641 83
641 9 83
30 888 44
888 30 44
614 393 74
393 614 74
829 61 98
61 829 98
359 258 26
258 359 26
250 99 73
99 250 73
911 940 52
940 911 52
780 315 60
315 780 60
180 950 100
950 180 100
515 495 45
495 515 45
739 939 43
939 739 43
991 977 79
977 991 79
891 613 69
613 891 69
522 70 41
70 522 41
924 308 64
308 924 64
308 606 12
606 308 12
581 457 81
457 581 81
486 993 10
993 486 10
93 363 93
363 93 93
5 282 20
282 5 20
335 744 5
744 335 5
625 972 78
972 625 78
918 628 25
628 918 25
390 818 12
818 390 12
800 960 44
960 800 44
449 665 23
665 449 23
330 720 32
720 330 32
61 773 51
773 61 51
765 563 15
563 765 15
39 779 88
779 39 88
286 393 68
393 286 68
128 863 34
863 128 34
272 956 8
956 272 8
529 699 33
699 529 33
840 359 10
359 840 10
636 953 69
953 636 69
977 396 53
396 977 53
772 587 6
587 772 6
473 295 68
295 473 68
108 167 68
167 108 68
713 477 21
477 713 21
813 229 71
229 813 71
762 369 23
369 762 23
201 968 46
968 201 46
705 876 48
876 705 48
64 481 25
481 64 25
856 270 71
270 856 71
900 779 27
779 900 27
501 37 65
37 501 65
516 947 5
947 516 5
926 24 31
24 926 31
489 989 74
989 489 74
457 955 6
955 457 6
174 838 5
838 174 5
2 649 97
649 2 97
302 135 25
135 302 25
461 104 56
104 461 56
454 223 17
223 454 17
849 391 14
391 849 14
241 891 68
891 241 68
855 426 10
426 855 10
717 645 43
645 717 43
87 843 61
843 87 61
688 641 69
641 688 69
225 115 45
115 225 45
893 430 9
430 893 9
777 63 35
63 777 35
873 190 25
190 873 25
934 621 13
621 934 13
71 741 29
741 71 29
28 423 86
423 28 86
837 489 78
489 837 78
236 970 50
970 236 50
419 876 98
876 419 98
263 575 39
575 263 39
183 93 74
93 183 74
199 278 55
278 199 55
756 505 14
505 756 14
753 493 80
493 753 80
423 295 98
295 423 98
9 727 82
727 9 82
708 728 30
728 708 30
569 614 3
614 569 3
183 194 27
194 183 27
278 91 54
91 278 54
529 676 72
676 529 72
498 81 34
81 498 34
178 484 96
484 178 96
309 599 40
599 309 40
671 867 25
867 671 25
502 781 20
781 502 20
638 496 50
496 638 50
832 565 64
565 832 64
605 739 90
739 605 90
235 370 43
370 235 43
81 726 19
726 81 19
729 82 56
82 729 56
222 88 94
88 222 94
229 203 94
203 229 94
230 35 23
35 230 23
976 909 84
909 976 84
554 3 21
3 554 21
55 482 80
482 55 80
172 931 72
931 172 72
732 992 21
992 732 21
531 183 8
183 531 8
716 8 83
8 716 83
388 87 64
87 388 64
417 467 35
467 417 35
620 11 86
11 620 86
953 89 25
89 953 25
292 55 32
55 292 32
442 186 44
186 442 44
838 774 10
774 838 10
650 416 94
416 650 94
742 661 29
661 742 29
534 996 39
996 534 39
623 569 89
569 623 89
735 568 48
568 735 48
892 267 71
267 892 71
446 881 78
881 446 78
466 216 16
216 466 16
781 205 67
205 781 67
810 530 50
530 810 50
745 629 42
629 745 42
485 628 70
628 485 70
644 437 78
437 644 78
172 125 58
125 172 58
104 343 31
343 104 31
923 315 88
315 923 88
820 863 38
863 820 38
888 2 88
2 888 88
804 510 60
510 804 60
326 175 43
175 326 43
198 433 67
433 198 67
95 837 54
837 95 54
249 664 57
664 249 57
798 640 74
640 798 74
384 983 52
983 384 52
518 153 66
153 518 66
779 473 91
473 779 91
38 858 98
858 38 98
788 924 41
924 788 41
802 765 74
765 802 74
983 975 11
975 983 11
307 316 43
316 307 43
885 29 85
29 885 85
871 909 13
909 871 13
219 794 15
794 219 15
587 915 62
915 587 62
919 973 64
973 919 64
59 384 55
384 59 55
12 219 78
219 12 78
979 239 14
239 979 14
811 23 3
23 811 3
991 427 32
427 991 32
833 99 98
99 833 98
558 827 22
827 558 22
929 996 2
996 929 2
929 761 13
761 929 13
877 17 55
17 877 55
726 392 30
392 726 30
437 689 61
689 437 61
401 596 36
596 401 36
647 474 39
474 647 39
267 266 84
266 267 84
723 392 92
392 723 92
349 6 75
6 349 75
891 592 66
592 891 66
135 201 16
201 135 16
222 492 43
492 222 43
412 262 43
262 412 43
402 99 97
99 402 97
560 234 82
234 560 82
463 907 71
907 463 71
673 716 92
716 673 92
744 962 15
962 744 15
943 584 83
584 943 83
598 850 52
850 598 52
498 511 93
511 498 93
236 472 43
472 236 43
993 280 100
280 993 100
183 326 70
326 183 70
531 49 12
49 531 12
528 475 18
475 528 18
934 50 5
50 934 5
333 465 33
465 333 33
476 938 73
938 476 73
682 301 55
301 682 55
967 600 1
600 967 1
17 70 3
70 17 3
195 687 53
687 195 53
63 615 99
615 63 99
989 762 47
762 989 47
832 182 18
182 832 18
440 117 35
117 440 35
83 70 34
70 83 34
252 99 18
99 252 18
178 261 11
261 178 11
916 739 73
739 916 73
235 250 97
250 235 97
697 691 85
691 697 85
3 50 28
50 3 28
23 909 50
909 23 50
544 928 33
928 544 33
226 92 76
92 226 76
352 864 4
864 352 4
765 942 52
942 765 52
326 113 56
113 326 56
202 700 1
700 202 1
194 967 50
967 194 50
336 105 87
105 336 87
609 902 22
902 609 22
431 732 18
732 431 18
506 843 35
843 506 35
544 557 24
557 544 24
798 441 85
441 798 85
840 107 68
107 840 68
899 95 76
95 899 76
711 771 27
771 711 27
515 740 64
740 515 64
469 305 57
305 469 57
73 228 22
228 73 22
570 655 53
655 570 53
391 314 87
314 391 87
794 266 33
266 794 33
777 784 55
784 777 55
567 456 32
456 567 32
102 614 50
614 102 50
226 482 73
482 226 73
744 236 95
236 744 95
681 610 96
610 681 96
656 901 63
901 656 63
736 402 33
402 736 33
820 10 20
10 820 20
999 955 50
955 999 50
1 154 61
154 1 61
589 114 65
114 589 65
503 710 92
710 503 92
615 114 3
114 615 3
234 148 69
148 234 69
119 579 6
579 119 6
259 521 26
521 259 26
638 81 18
81 638 18
772 484 17
484 772 17
910 276 64
276 910 64
772 574 60
574 772 60
241 690 17
690 241 17
460 798 42
798 460 42
832 307 96
307 832 96
881 351 68
351 881 68
649 862 17
862 649 17
146 141 13
141 146 13
675 370 54
370 675 54
765 248 87
248 765 87
782 651 71
651 782 71
573 732 2
732 573 2
468 379 60
379 468 60
198 597 23
597 198 23
656 84 98
84 656 98
419 772 87
772 419 87
243 425 69
425 243 69
263 941 40
941 263 40
982 952 60
952 982 60
290 221 41
221 290 41
75 805 6
805 75 6
437 742 97
742 437 97
338 940 2
940 338 2
348 321 95
321 348 95
381 824 14
824 381 14
655 888 66
888 655 66
205 486 65
486 205 65
225 617 27
617 225 27
464 491 81
491 464 81
933 77 5
77 933 5
840 873 49
873 840 49
159 538 15
538 159 15
734 169 38
169 734 38
126 719 3
719 126 3
555 821 22
821 555 22
592 660 54
660 592 54
16 772 18
772 16 18
686 394 39
394 686 39
394 565 94
565 394 94
887 745 1
745 887 1
416 130 98
130 416 98
320 536 70
536 320 70
55 523 71
523 55 71
767 883 71
883 767 71
983 955 15
955 983 15
904 79 60
79 904 60
860 943 6
943 860 6
915 425 61
425 915 61
544 131 84
131 544 84
799 365 58
365 799 58
693 313 59
313 693 59
159 51 59
51 159 59
842 120 36
120 842 36
101 578 1
578 101 1
96 640 74
640 96 74
495 527 73
527 495 73
525 357 74
357 525 74
271 588 55
588 271 55
753 186 100
186 753 100
415 463 45
463 415 45
685 38 71
38 685 71
829 630 95
630 829 95
170 629 58
629 170 58
296 569 5
569 296 5
80 391 48
391 80 48
884 961 89
961 884 89
772 943 40
943 772 40
785 188 19
188 785 19
727 841 76
841 727 76
146 938 72
938 146 72
174 734 5
734 174 5
319 79 51
79 319 51
626 428 67
428 626 67
308 56 3
56 308 3
262 564 30
564 262 30
310 944 28
944 310 28
893 147 89
147 893 89
480 348 65
348 480 65
405 692 19
692 405 19
440 897 78
897 440 78
183 97 60
97 183 60
797 456 9
456 797 9
892 284 70
284 892 70
55 117 78
117 55 78
375 532 54
532 375 54
338 713 44
713 338 44
985 552 6
552 985 6
449 638 63
638 449 63
857 870 93
870 857 93
996 512 64
512 996 64
200 176 70
176 200 70
559 763 87
763 559 87
922 442 67
442 922 67
136 644 32
644 136 32
788 811 68
811 788 68
313 412 29
412 313 29
831 463 36
463 831 36
665 765 16
765 665 16
862 900 32
900 862 32
306 893 90
893 306 90
530 825 41
825 530 41
464 729 11
729 464 11
10 507 64
507 10 64
281 555 65
555 281 65
100 938 58
938 100 58
929 711 81
711 929 81
77 991 97
991 77 97
607 538 53
538 607 53
399 654 40
654 399 40
976 644 19
644 976 19
112 765 19
765 112 19
326 592 66
592 326 66
243 274 4
274 243 4
973 578 81
578 973 81
103 567 88
567 103 88
483 863 66
863 483 66
867 612 48
612 867 48
769 24 60
24 769 60
242 556 33
556 242 33
216 210 84
210 216 84
344 326 38
326 344 38
192 724 9
724 192 9
401 118 18
118 401 18
171 363 27
363 171 27
705 540 91
540 705 91
283 126 64
126 283 64
371 368 34
368 371 34
914 259 3
259 914 3
236 615 43
615 236 43
260 473 5
473 260 5
454 949 66
949 454 66
176 823 27
823 176 27
272 707 89
707 272 89
329 57 13
57 329 13
735 46 84
46 735 84
228 688 45
688 228 45
596 312 86
312 596 86
339 300 3
300 339 3
238 662 87
662 238 87
218 87 2
87 218 2
971 109 49
109 971 49
125 420 48
420 125 48
250 504 3
504 250 3
595 251 92
251 595 92
838 337 18
337 838 18
929 512 7
512 929 7
590 154 7
154 590 7
872 905 65
905 872 65
123 196 29
196 123 29
581 340 10
340 581 10
70 737 70
737 70 70
669 358 92
358 669 92
412 273 1
273 412 1
10 378 97
378 10 97
588 912 99
912 588 99
564 510 13
510 564 13
875 669 69
669 875 69
130 675 78
675 130 78
546 57 34
57 546 34
518 739 35
739 518 35
330 217 30
217 330 30
205 193 73
193 205 73
248 560 60
560 248 60
575 923 56
923 575 56
224 763 30
763 224 30
590 557 53
557 590 53
451 340 64
340 451 64
421 107 54
107 421 54
215 476 8
476 215 8
819 602 98
602 819 98
179 331 8
331 179 8
507 115 49
115 507 49
144 551 19
551 144 19
288 768 36
768 288 36
656 566 57
566 656 57
397 388 27
388 397 27
607 287 41
287 607 41
716 408 8
408 716 8
370 177 33
177 370 33
962 24 94
24 962 94
107 70 69
70 107 69
371 825 97
825 371 97
928 588 47
588 928 47
714 846 91
846 714 91
66 220 44
220 66 44
92 126 57
126 92 57
206 98 36
98 206 36
884 960 97
960 884 97
602 391 24
391 602 24
780 442 58
442 780 58
475 979 73
979 475 73
639 192 2
192 639 2
510 975 50
975 510 50
302 633 60
633 302 60
237 150 98
150 237 98
386 242 81
242 386 81
447 34 47
34 447 47
563 137 47
137 563 47
320 978 97
978 320 97
28 144 67
144 28 67
973 950 64
950 973 64
584 828 7
828 584 7
855 375 53
375 855 53
101 123 100
123 101 100
846 875 91
875 846 91
617 126 91
126 617 91
662 483 100
483 662 100
10 396 88
396 10 88
621 629 42
629 621 42
86 678 26
678 86 26
704 361 27
361 704 27
562 116 71
116 562 71
120 515 40
515 120 40
447 16 43
16 447 43
245 955 86
955 245 86
983 749 92
749 983 92
540 764 54
764 540 54
638 928 42
928 638 42
795 503 75
503 795 75
951 334 53
334 951 53
118 398 94
398 118 94
830 285 82
285 830 82
522 889 59
889 522 59
740 18 45
18 740 45
719 869 16
869 719 16
335 271 14
271 335 14
765 876 75
876 765 75
752 25 15
25 752 15
202 145 60
145 202 60
750 319 87
319 750 87
116 124 21
124 116 21
337 365 4
365 337 4
143 739 76
739 143 76
113 548 61
548 113 61
187 285 8
285 187 8
827 785 29
785 827 29
408 585 82
585 408 82
936 66 75
66 936 75
345 89 21
89 345 21
765 658 45
658 765 45
432 591 23
591 432 23
757 623 33
623 757 33
605 21 53
21 605 53
209 572 93
572 209 93
483 25 31
25 483 31
81 312 11
312 81 11
695 956 41
956 695 41
10 421 34
421 10 34
362 260 92
260 362 92
196 866 60
866 196 60
596 910 97
910 596 97
562 603 75
603 562 75
513 443 24
443 513 24
332 500 48
500 332 48
211 788 75
788 211 75
31 985 82
985 31 82
217 87 32
87 217 32
981 607 59
607 981 59
841 775 84
775 841 84
702 309 58
309 702 58
361 857 55
857 361 55
556 916 67
916 556 67
228 846 82
846 228 82
426 709 93
709 426 93
961 80 48
80 961 48
310 125 68
125 310 68
732 755 60
755 732 60
454 830 95
830 454 95
394 950 22
950 394 22
114 274 56
274 114 56
383 381 2
381 383 2
343 476 45
476 343 45
590 941 59
941 590 59
811 41 83
41 811 83
943 336 61
336 943 61
725 688 55
688 725 55
129 520 48
520 129 48
749 499 35
499 749 35
215 685 70
685 215 70
118 265 49
265 118 49
612 397 92
397 612 92
488 745 43
745 488 43
443 615 95
615 443 95
531 71 29
71 531 29
998 313 28
313 998 28
581 11 41
11 581 41
82 31 58
31 82 58
691 656 5
656 691 5
407 657 39
657 407 39
646 309 94
309 646 94
151 818 87
818 151 87
864 23 73
23 864 73
717 751 26
751 717 26
312 111 65
111 312 65
774 459 34
459 774 34
387 604 36
604 387 36
195 686 9
686 195 9
192 166 22
166 192 22
856 385 29
385 856 29
482 462 23
462 482 23
981 412 54
412 981 54
197 200 94
200 197 94
892 702 32
702 892 32
995 983 64
983 995 64
280 336 70
336 280 70
995 959 38
959 995 38
476 854 50
854 476 50
641 564 89
564 641 89
897 61 80
61 897 80
634 976 56
976 634 56
333 512 77
512 333 77
827 942 6
942 827 6
167 690 72
690 167 72
110 19 95
19 110 95
510 621 73
621 510 73
52 719 69
719 52 69
457 382 20
382 457 20
552 183 20
183 552 20
579 924 88
924 579 88
675 629 83
629 675 83
418 866 33
866 418 33
839 810 99
810 839 99
963 936 89
936 963 89
831 366 15
366 831 15
20 791 11
791 20 11
288 301 85
301 288 85
971 927 10
927 971 10
874 386 68
386 874 68
752 775 87
775 752 87
655 746 48
746 655 48
766 125 87
125 766 87
21 245 2
245 21 2
413 252 74
252 413 74
444 159 85
159 444 85
98 877 27
877 98 27
355 369 63
369 355 63
152 435 97
435 152 97
846 752 36
752 846 36
862 813 69
813 862 69
56 916 100
916 56 100
578 50 99
50 578 99
641 692 26
692 641 26
209 552 88
552 209 88
10 673 73
673 10 73
904 19 49
19 904 49
597 994 68
994 597 68
57 979 26
979 57 26
318 295 65
295 318 65
747 554 49
554 747 49
827 953 62
953 827 62
912 745 67
745 912 67
484 10 5
10 484 5
679 763 10
763 679 10
877 42 22
42 877 22
194 221 30
221 194 30
529 184 20
184 529 20
648 662 37
662 648 37
954 205 80
205 954 80
712 549 89
549 712 89
520 749 62
749 520 62
980 307 18
307 980 18
988 761 7
761 988 7
166 528 29
528 166 29
762 160 66
160 762 66
748 537 25
537 748 25
183 108 79
108 183 79
68 182 4
182 68 4
831 660 12
660 831 12
304 596 61
596 304 61
937 968 28
968 937 28
631 444 69
444 631 69
559 653 51
653 559 51
968 760 32
760 968 32
904 953 79
953 904 79
47 319 63
319 47 63
366 310 70
310 366 70
733 360 40
360 733 40
194 771 16
771 194 16
55 130 33
130 55 33
4 90 39
90 4 39
514 946 5
946 514 5
935 348 89
348 935 89
263 373 28
373 263 28
119 921 29
921 119 29
20 201 69
201 20 69
354 446 45
446 354 45
353 436 8
436 353 8
67 397 26
397 67 26
222 45 72
45 222 72
410 779 62
779 410 62
811 62 44
62 811 44
185 734 89
734 185 89
684 769 12
769 684 12
465 41 20
41 465 20
946 724 96
724 946 96
437 919 82
919 437 82
251 208 45
208 251 45
17 91 93
91 17 93
99 469 2
469 99 2
961 714 90
714 961 90
567 911 81
911 567 81
883 679 91
679 883 91
880 430 15
430 880 15
973 318 35
318 973 35
832 723 42
723 832 42
512 222 33
222 512 33
355 393 33
393 355 33
408 436 21
436 408 21
36 605 2
605 36 2
344 281 44
281 344 44
337 429 70
429 337 70
994 112 56
112 994 56
823 4 85
4 823 85
698 994 67
994 698 67
390 9 37
9 390 37
609 570 28
570 609 28
15 42 82
42 15 82
179 423 71
423 179 71
80 37 79
37 80 79
273 930 1
930 273 1
870 990 14
990 870 14
691 234 6
234 691 6
357 494 41
494 357 41
612 93 32
93 612 32
473 749 6
749 473 6
381 609 91
609 381 91
655 503 37
503 655 37
268 188 18
188 268 18
892 851 37
851 892 37
77 72 89
72 77 89
504 934 46
934 504 46
81 493 91
493 81 91
814 47 37
47 814 37
263 711 19
711 263 19
285 669 29
669 285 29
618 770 81
770 618 81
916 162 53
162 916 53
780 735 56
735 780 56
437 361 65
361 437 65
184 794 100
794 184 100
401 702 55
702 401 55
670 16 47
16 670 47
88 324 46
324 88 46
192 772 55
772 192 55
391 659 83
659 391 83
240 552 21
552 240 21
819 463 57
463 819 57
686 939 77
939 686 77
91 87 36
87 91 36
355 971 91
971 355 91
490 51 18
51 490 18
718 415 100
415 718 100
886 859 49
859 886 49
738 581 72
581 738 72
248 794 2
794 248 2
99 990 93
990 99 93
213 249 48
249 213 48
234 238 89
238 234 89
292 21 93
21 292 93
514 789 71
789 514 71
344 952 22
952 344 22
32 200 68
200 32 68
988 538 77
538 988 77
40 893 81
893 40 81
334 485 23
485 334 23
825 403 95
403 825 95
22 358 29
358 22 29
48 404 43
404 48 43
708 430 100
430 708 100
934 400 73
400 934 73
321 959 31
959 321 31
279 423 7
423 279 7
210 821 44
821 210 44
928 299 86
299 928 86
435 514 68
514 435 68
718 42 77
42 718 77
394 187 14
187 394 14
613 806 66
806 613 66
755 129 57
129 755 57
962 294 83
294 962 83
850 624 22
624 850 22
739 859 39
859 739 39
919 695 29
695 919 29
477 792 2
792 477 2
943 158 34
158 943 34
957 369 66
369 957 66
623 383 1
383 623 1
449 946 90
946 449 90
44 807 32
807 44 32
129 314 10
314 129 10
74 372 75
372 74 75
591 386 43
386 591 43
95 594 34
594 95 34
329 607 23
607 329 23
37 34 98
34 37 98
777 702 96
702 777 96
855 24 60
24 855 60
457 907 85
907 457 85
831 423 22
423 831 22
241 131 15
131 241 15
824 583 68
583 824 68
937 65 35
65 937 35
121 538 35
538 121 35
114 650 19
650 114 19
53 615 22
615 53 22
200 382 93
382 200 93
433 835 49
835 433 49
567 399 39
399 567 39
736 305 69
305 736 69
17 613 85
613 17 85
318 257 96
257 318 96
542 532 51
532 542 51
905 825 55
825 905 55
419 370 40
370 419 40
807 202 93
202 807 93
257 613 90
613 257 90
716 584 79
584 716 79
620 935 50
935 620 50
951 239 90
239 951 90
511 548 74
548 511 74
108 282 84
282 108 84
530 30 37
30 530 37
654 625 5
625 654 5
781 751 70
751 781 70
437 208 11
208 437 11
746 697 31
697 746 31
663 622 82
622 663 82
295 595 11
595 295 11
96 484 24
484 96 24
825 2 2
2 825 2
967 547 9
547 967 9
358 243 58
243 358 58
864 280 50
280 864 50
543 30 100
30 543 100
128 501 67
501 128 67
925 739 30
739 925 30
209 665 73
665 209 73
380 308 89
308 380 89
343 911 53
911 343 53
622 451 8
451 622 8
563 183 19
183 563 19
967 377 30
377 967 30
177 80 10
80 177 10
255 998 42
998 255 42
185 101 12
101 185 12
833 415 33
415 833 33
184 149 45
149 184 45
547 3 38
3 547 38
635 817 52
817 635 52
339 764 75
764 339 75
482 709 30
709 482 30
664 977 96
977 664 96
302 106 97
106 302 97
601 977 9
977 601 9
225 697 44
697 225 44
893 619 93
619 893 93
309 392 30
392 309 30
345 378 40
378 345 40
99 719 17
719 99 17
82 518 92
518 82 92
525 614 66
614 525 66
105 730 56
730 105 56
346 622 79
622 346 79
654 46 51
46 654 51
147 585 59
585 147 59
674 901 79
901 674 79
760 950 65
950 760 65
620 742 89
742 620 89
27 64 18
64 27 18
935 557 97
557 935 97
980 430 5
430 980 5
305 760 38
760 305 38
979 663 29
663 979 29
443 905 33
905 443 33
872 947 33
947 872 33
752 470 81
470 752 81
728 393 31
393 728 31
908 856 31
856 908 31
793 246 38
246 793 38
835 41 33
41 835 33
830 360 69
360 830 69
970 568 87
568 970 87
950 168 63
168 950 63
362 19 97
19 362 97
741 749 34
749 741 34
518 612 6
612 518 6
522 700 91
700 522 91
849 594 55
594 849 55
748 464 46
464 748 46
438 683 92
683 438 92
856 978 71
978 856 71
58 232 64
232 58 64
163 350 69
350 163 69
590 199 87
199 590 87
939 421 97
421 939 97
280 858 76
858 280 76
155 539 16
539 155 16
772 895 6
895 772 6
628 510 69
510 628 69
374 652 36
652 374 36
522 52 34
52 522 34
898 162 89
162 898 89
455 344 95
344 455 95
897 206 69
206 897 69
320 704 33
704 320 33
860 591 1
591 860 1
136 874 51
874 136 51
462 829 61
829 462 61
879 472 83
472 879 83
782 777 82
777 782 82
743 935 79
935 743 79
469 504 61
504 469 61
239 812 38
812 239 38
584 358 22
358 584 22
117 526 23
526 117 23
153 817 52
817 153 52
42 394 7
394 42 7
417 615 81
615 417 81
755 240 85
240 755 85
207 822 3
822 207 3
765 572 92
572 765 92
476 344 17
344 476 17
291 232 51
232 291 51
158 815 84
815 158 84
659 139 43
139 659 43
346 928 2
928 346 2
69 709 69
709 69 69
259 629 85
629 259 85
97 347 32
347 97 32
923 833 27
833 923 27
998 623 27
623 998 27
95 981 61
981 95 61
234 667 11
667 234 11
561 978 3
978 561 3
455 266 44
266 455 44
487 159 63
159 487 63
68 720 50
720 68 50
100 616 87
616 100 87
582 487 47
487 582 47
967 481 61
481 967 61
848 458 44
458 848 44
578 672 5
672 578 5
711 284 71
284 711 71
184 760 24
760 184 24
527 337 91
337 527 91
501 842 26
842 501 26
428 158 71
158 428 71
600 913 10
913 600 10
829 832 12
832 829 12
854 840 31
840 854 31
452 864 22
864 452 22
756 591 58
591 756 58
47 677 84
677 47 84
752 147 95
147 752 95
789 306 32
306 789 32
34 592 9
592 34 9
171 118 73
118 171 73
907 494 34
494 907 34
149 355 90
355 149 90
221 177 32
177 221 32
620 136 100
136 620 100
751 601 75
601 751 75
17 25 52
25 17 52
125 603 82
603 125 82
77 652 24
652 77 24
337 729 15
729 337 15
931 485 94
485 931 94
578 341 17
341 578 17
592 692 10
692 592 10
592 347 2
347 592 2
702 531 65
531 702 65
286 273 53
273 286 53
991 771 20
771 991 20
687 301 5
301 687 5
605 654 90
654 605 90
249 187 90
187 249 90
395 926 50
926 395 50
293 120 2
120 293 2
582 90 95
90 582 95
18 883 8
883 18 8
119 111 40
111 119 40
693 838 76
838 693 76
358 219 92
219 358 92
327 212 8
212 327 8
196 457 35
457 196 35
710 112 2
112 710 2
26 178 77
178 26 77
674 757 94
757 674 94
508 334 86
334 508 86
945 316 40
316 945 40
188 839 44
839 188 44
721 778 12
778 721 12
244 730 39
730 244 39
48 433 69
433 48 69
782 290 17
290 782 17
409 365 8
365 409 8
953 981 55
981 953 55
209 682 15
682 209 15
206 822 23
822 206 23
439 724 92
724 439 92
487 514 74
514 487 74
606 818 48
818 606 48
539 893 73
893 539 73
364 57 17
57 364 17
73 364 55
364 73 55
890 753 72
753 890 72
962 558 65
558 962 65
419 352 56
352 419 56
603 404 12
404 603 12
506 315 88
315 506 88
23 72 31
72 23 31
764 821 44
821 764 44
331 155 63
155 331 63
259 869 53
869 259 53
799 588 46
588 799 46
626 725 57
725 626 57
345 743 94
743 345 94
373 59 5
59 373 5
249 132 16
132 249 16
599 829 100
829 599 100
79 660 24
660 79 24
915 785 74
785 915 74
819 26 23
26 819 23
511 417 93
417 511 93
698 430 24
430 698 24
121 314 61
314 121 61
848 26 7
26 848 7
630 848 68
848 630 68
570 864 76
864 570 76
219 651 23
651 219 23
977 339 3
339 977 3
28 299 7
299 28 7
634 377 30
377 634 30
458 76 31
76 458 31
954 138 66
138 954 66
69 560 45
560 69 45
78 666 69
666 78 69
598 337 79
337 598 79
933 376 89
376 933 89
661 75 37
75 661 37
81 504 17
504 81 17
972 410 75
410 972 75
368 394 78
394 368 78
192 286 52
286 192 52
935 156 71
156 935 71
571 863 67
863 571 67
651 684 98
684 651 98
995 697 54
697 995 54
647 963 39
963 647 39
337 5 22
5 337 22
612 684 66
684 612 66
879 128 4
128 879 4
678 261 59
261 678 59
616 311 55
311 616 55
713 381 3
381 713 3
784 18 46
18 784 46
362 900 54
900 362 54
178 9 5
9 178 5
203 142 94
142 203 94
605 632 97
632 605 97
355 883 66
883 355 66
216 795 97
795 216 97
935 381 58
381 935 58
700 976 100
976 700 100
384 977 11
977 384 11
516 267 8
267 516 8
954 825 82
825 954 82
756 738 48
738 756 48
706 474 82
474 706 82
670 300 34
300 670 34
48 595 87
595 48 87
238 348 23
348 238 23
914 711 76
711 914 76
197 572 43
572 197 43
885 525 5
525 885 5
979 479 74
479 979 74
364 760 50
760 364 50
517 33 22
33 517 22
788 61 25
61 788 25
142 979 7
979 142 7
154 917 31
917 154 31
411 391 84
391 411 84
793 962 80
962 793 80
260 626 7
626 260 7
650 163 21
163 650 21
883 574 31
574 883 31
400 572 4
572 400 4
160 179 100
179 160 100
741 893 79
893 741 79
288 281 70
281 288 70
219 491 91
491 219 91
72 747 52
747 72 52
414 534 97
534 414 97
960 819 27
819 960 27
794 509 40
509 794 40
717 602 66
602 717 66
19 584 59
584 19 59
2 289 81
289 2 81
83 763 62
763 83 62
82 165 72
165 82 72
503 556 35
556 503 35
979 435 84
435 979 84
155 972 100
972 155 100
869 416 74
416 869 74
139 216 38
216 139 38
550 289 58
289 550 58
390 331 10
331 390 10
243 265 24
265 243 24
819 169 23
169 819 23
566 868 80
868 566 80
771 226 49
226 771 49
601 641 56
641 601 56
417 994 75
994 417 75
591 124 41
124 591 41
139 488 90
488 139 90
104 905 47
905 104 47
505 472 31
472 505 31
911 232 62
232 911 62
462 273 43
273 462 43
960 255 46
255 960 46
752 847 7
847 752 7
620 265 11
265 620 11
299 680 39
680 299 39
679 725 65
725 679 65
124 439 66
439 124 66
268 152 1
152 268 1
601 499 47
499 601 47
660 245 5
245 660 5
668 965 30
965 668 30
506 491 11
491 506 11
85 269 4
269 85 4
307 723 99
723 307 99
191 855 88
855 191 88
422 620 21
620 422 21
1 523 93
523 1 93
920 341 37
341 920 37
261 480 25
480 261 25
984 474 5
474 984 5
470 976 75
976 470 75
303 317 93
317 303 93
310 457 75
457 310 75
865 110 16
110 865 16
160 998 73
998 160 73
821 865 65
865 821 65
785 563 54
563 785 54
833 704 89
704 833 89
581 842 87
842 581 87
839 578 78
578 839 78
859 523 54
523 859 54
414 848 70
848 414 70
555 261 71
261 555 71
420 986 32
986 420 32
291 829 7
829 291 7
910 824 56
824 910 56
191 741 34
741 191 34
346 302 86
302 346 86
465 834 90
834 465 90
762 131 51
131 762 51
941 749 61
749 941 61
320 122 98
122 320 98
146 693 39
693 146 39
658 965 55
965 658 55
456 403 47
403 456 47
351 245 81
245 351 81
300 766 22
766 300 22
697 535 4
535 697 4
196 554 52
554 196 52
319 806 92
806 319 92
544 390 72
390 544 72
920 152 85
152 920 85
927 465 32
465 927 32
764 943 36
943 764 36
817 314 53
314 817 53
85 957 12
957 85 12
201 135 60
135 201 60
786 578 72
578 786 72
572 55 71
55 572 71
418 616 18
616 418 18
833 362 16
362 833 16
413 158 58
158 413 58
100 707 83
707 100 83
576 951 23
951 576 23
204 877 10
877 204 10
237 136 98
136 237 98
340 133 51
133 340 51
860 888 42
888 860 42
944 945 72
945 944 72
866 956 81
956 866 81
705 224 31
224 705 31
791 57 94
57 791 94
151 530 33
530 151 33
656 499 58
499 656 58
969 294 29
294 969 29
324 352 85
352 324 85
894 350 78
350 894 78
166 797 28
797 166 28
452 800 37
800 452 37
569 861 12
861 569 12
907 318 99
318 907 99
604 190 80
190 604 80
231 61 9
61 231 9
739 906 31
906 739 31
386 638 41
638 386 41
374 710 5
710 374 5
423 894 66
894 423 66
858 771 32
771 858 32
982 15 7
15 982 7
195 464 43
464 195 43
497 459 93
459 497 93
701 378 31
378 701 31
115 783 33
783 115 33
988 643 16
643 988 16
955 613 89
613 955 89
543 804 85
804 543 85
43 888 73
888 43 73
249 747 42
747 249 42
649 142 58
142 649 58
693 516 29
516 693 29
221 128 16
128 221 16
224 184 11
184 224 11
794 980 50
980 794 50
209 551 16
551 209 16
519 87 63
87 519 63
93 446 59
446 93 59
861 69 58
69 861 58
323 261 38
261 323 38
186 499 2
499 186 2
358 433 20
433 358 20
553 756 42
756 553 42
78 363 23
363 78 23
904 766 70
766 904 70
498 684 88
684 498 88
597 806 64
806 597 64
140 786 2
786 140 2
242 664 93
664 242 93
541 637 98
637 541 98
454 795 59
795 454 59
343 711 88
711 343 88
517 364 32
364 517 32
446 85 40
85 446 40
457 778 43
778 457 43
89 964 31
964 89 31
951 779 26
779 951 26
954 185 97
185 954 97
82 461 64
461 82 64
807 480 69
480 807 69
499 227 88
227 499 88
510 579 41
579 510 41
105 246 94
246 105 94
16 72 1
72 16 1
769 774 46
774 769 46
47 317 19
317 47 19
222 624 70
624 222 70
246 625 10
625 246 10
682 941 91
941 682 91
544 267 56
267 544 56
181 62 5
62 181 5
230 370 85
370 230 85
411 12 56
12 411 56
693 292 37
292 693 37
159 7 90
7 159 90
255 277 95
277 255 95
98 146 30
146 98 30
640 571 27
571 640 27
341 955 79
955 341 79
219 943 2
943 219 2
136 152 30
152 136 30
780 409 74
409 780 74
796 735 64
735 796 64
49 371 85
371 49 85
476 960 94
960 476 94
413 111 27
111 413 27
367 661 22
661 367 22
670 992 68
992 670 68
360 115 76
115 360 76
67 14 76
14 67 76
434 970 81
970 434 81
835 171 49
171 835 49
141 212 50
212 141 50
200 269 67
269 200 67
283 210 61
210 283 61
462 45 56
45 462 56
151 158 59
158 151 59
199 203 72
203 199 72
645 551 31
551 645 31
475 306 71
306 475 71
67 352 73
352 67 73
275 750 3
750 275 3
730 636 90
636 730 90
917 985 3
985 917 3
786 589 36
589 786 36
19 324 20
324 19 20
749 426 82
426 749 82
221 942 36
942 221 36
908 214 70
214 908 70
880 372 80
372 880 80
555 916 15
916 555 15
358 690 17
690 358 17
359 361 11
361 359 11
644 332 82
332 644 82
915 224 41
224 915 41
867 719 27
719 867 27
178 941 88
941 178 88
81 684 12
684 81 12
65 318 43
318 65 43
119 498 86
498 119 86
686 483 81
483 686 81
18 790 26
790 18 26
787 248 54
248 787 54
476 394 72
394 476 72
193 978 46
978 193 46
328 597 42
597 328 42
985 808 94
808 985 94
982 157 91
157 982 91
620 333 89
333 620 89
424 247 44
247 424 44
713 193 19
193 713 19
437 231 6
231 437 6
147 306 12
306 147 12
295 772 85
772 295 85
816 983 3
983 816 3
146 785 28
785 146 28
73 900 67
900 73 67
66 401 40
401 66 40
256 62 36
62 256 36
734 506 35
506 734 35
831 707 36
707 831 36
85 939 76
939 85 76
383 724 61
724 383 61
987 494 17
494 987 17
545 382 75
382 545 75
455 818 23
818 455 23
485 320 56
320 485 56
234 236 72
236 234 72
289 922 27
922 289 27
850 883 10
883 850 10
760 666 97
666 760 97
39 566 36
566 39 36
214 128 100
128 214 100
786 115 17
115 786 17
892 249 4
249 892 4
826 685 48
685 826 48
593 873 67
873 593 67
909 108 39
108 909 39
107 839 18
839 107 18
673 515 16
515 673 16
535 989 37
989 535 37
514 833 46
833 514 46
663 395 63
395 663 63
530 30 90
30 530 90
231 567 36
567 231 36
248 169 77
169 248 77
33 183 75
183 33 75
365 194 17
194 365 17
411 746 3
746 411 3
55 24 21
24 55 21
17 47 97
47 17 97
627 104 41
104 627 41
779 340 13
340 779 13
791 757 36
757 791 36
90 793 6
793 90 6
39 445 17
445 39 17
585 922 57
922 585 57
758 172 32
172 758 32
180 51 68
51 180 68
120 218 54
218 120 54
579 793 91
793 579 91
612 750 21
750 612 21
885 968 95
968 885 95
58 599 63
599 58 63
589 255 42
255 589 42
575 806 39
806 575 39
419 696 91
696 419 91
290 901 67
901 290 67
823 196 35
196 823 35
596 495 92
495 596 92
912 991 8
991 912 8
997 696 60
696 997 60
930 328 43
328 930 43
662 131 61
131 662 61
175 919 54
919 175 54
709 735 32
735 709 32
596 546 65
546 596 65
700 856 66
856 700 66
434 975 61
975 434 61
308 908 47
908 308 47
956 889 93
889 956 93
333 997 85
997 333 85
271 72 77
72 271 77
232 892 77
892 232 77
159 6 18
6 159 18
512 673 27
673 512 27
818 874 88
874 818 88
428 0 32
0 428 32
696 98 73
98 696 73
874 61 45
61 874 45
956 790 27
790 956 27
494 899 13
899 494 13
433 122 46
122 433 46
876 345 50
345 876 50
473 594 18
594 473 18
256 217 46
217 256 46
37 553 67
553 37 67
76 232 54
232 76 54
261 173 82
173 261 82
947 646 85
646 947 85
22 994 75
994 22 75
335 614 4
614 335 4
358 928 5
928 358 5
414 173 68
173 414 68
743 738 26
738 743 26
974 116 31
116 974 31
699 245 15
245 699 15
172 118 69
118 172 69
4 734 66
734 4 66
844 556 89
556 844 89
148 589 16
589 148 16
709 463 26
463 709 26
865 703 62
703 865 62
550 942 74
942 550 74
888 509 85
509 888 85
812 432 88
432 812 88
796 599 56
599 796 56
435 489 11
489 435 11
539 482 53
482 539 53
466 377 7
377 466 7
436 543 98
543 436 98
493 269 54
269 493 54
369 268 51
268 369 51
726 468 81
468 726 81
363 424 46
424 363 46
746 147 73
147 746 73
181 444 1
444 181 1
218 825 52
825 218 52
790 232 55
232 790 55
91 617 69
617 91 69
779 424 67
424 779 67
128 693 51
693 128 51
964 799 49
799 964 49
682 172 86
172 682 86
651 101 37
101 651 37
962 777 48
777 962 48
848 419 15
419 848 15
751 764 65
764 751 65
111 19 100
19 111 100
950 907 28
907 950 28
78 537 40
537 78 40
152 576 75
576 152 75
808 559 96
559 808 96
685 664 55
664 685 55
804 751 11
751 804 11
963 977 100
977 963 100
439 503 15
503 439 15
857 744 43
744 857 43
814 581 25
581 814 25
124 664 18
664 124 18
585 22 23
22 585 23
767 572 79
572 767 79
843 131 9
131 843 9
454 931 61
931 454 61
898 305 97
305 898 97
687 353 77
353 687 77
817 69 22
69 817 22
104 206 29
206 104 29
244 101 39
101 244 39
937 23 46
23 937 46
2 793 71
793 2 71
78 394 19
394 78 19
71 407 53
407 71 53
921 400 96
400 921 96
200 756 68
756 200 68
994 940 62
940 994 62
435 100 17
100 435 17
659 161 4
161 659 4
821 813 30
813 821 30
869 733 21
733 869 21
323 533 89
533 323 89
285 136 15
136 285 15
978 946 68
946 978 68
180 134 99
134 180 99
560 416 61
416 560 61
539 970 16
970 539 16
292 827 55
827 292 55
986 357 29
357 986 29
335 617 51
617 335 51
534 532 52
532 534 52
858 636 19
636 858 19
472 619 59
619 472 59
512 606 42
606 512 42
296 53 11
53 296 11
738 386 3
386 738 3
861 327 37
327 861 37
901 28 96
28 901 96
166 940 16
940 166 16
661 934 18
934 661 18
969 339 31
339 969 31
423 203 62
203 423 62
8 347 69
347 8 69
777 634 46
634 777 46
292 673 59
673 292 59
337 552 100
552 337 100
34 880 52
880 34 52
206 91 23
91 206 23
48 577 60
577 48 60
934 657 42
657 934 42
448 629 34
629 448 34
411 645 29
645 411 29
159 321 99
321 159 99
560 471 98
471 560 98
136 596 51
596 136 51
523 558 20
558 523 20
226 795 66
795 226 66
215 572 95
572 215 95
293 704 1
704 293 1
486 466 94
466 486 94
956 346 7
346 956 7
243 687 80
687 243 80
77 933 48
933 77 48
369 134 26
134 369 26
214 331 26
331 214 26
68 744 49
744 68 49
395 547 1
547 395 1
263 422 54
422 263 54
46 203 85
203 46 85
209 663 32
663 209 32
345 479 20
479 345 20
135 70 98
70 135 98
595 410 67
410 595 67
208 688 41
688 208 41
146 480 97
480 146 97
609 917 92
917 609 92
353 719 65
719 353 65
144 847 53
847 144 53
939 682 71
682 939 71
63 193 75
193 63 75
319 133 77
133 319 77
908 339 11
339 908 11
253 971 64
971 253 64
645 38 25
38 645 25
638 74 92
74 638 92
949 283 91
283 949 91
999 417 47
417 999 47
583 303 91
303 583 91
829 259 74
259 829 74
198 926 2
926 198 2
367 908 46
908 367 46
750 53 70
53 750 70
387 434 96
434 387 96
413 961 40
961 413 40
876 710 55
710 876 55
629 111 26
111 629 26
899 867 29
867 899 29
248 7 41
7 248 41
787 617 51
617 787 51
684 888 93
888 684 93
325 304 58
304 325 58
397 758 25
758 397 25
582 58 16
58 582 16
992 141 34
141 992 34
293 334 89
334 293 89
887 369 66
369 887 66
284 189 60
189 284 60
92 148 35
148 92 35
908 228 16
228 908 16
391 422 52
422 391 52
724 591 82
591 724 82
189 259 41
259 189 41
622 347 7
347 622 7
425 603 40
603 425 40
1 158 33
158 1 33
844 665 48
665 844 48
581 78 31
78 581 31
37 344 43
344 37 43
101 304 42
304 101 42
791 199 15
199 791 15
268 13 14
13 268 14
442 761 23
761 442 23
683 501 79
501 683 79
495 974 11
974 495 11
86 317 65
317 86 65
863 109 86
109 863 86
578 424 33
424 578 33
302 336 25
336 302 25
484 341 81
341 484 81
878 901 60
901 878 60
978 849 5
849 978 5
921 436 66
436 921 66
569 842 63
842 569 63
227 520 66
520 227 66
473 885 52
885 473 52
259 848 33
848 259 33
62 541 66
541 62 66
20 846 13
846 20 13
622 221 99
221 622 99
557 97 87
97 557 87
406 95 9
95 406 9
80 103 2
103 80 2
251 70 100
70 251 100
268 642 99
642 268 99
969 350 7
350 969 7
958 844 12
844 958 12
877 416 38
416 877 38
763 795 57
795 763 57
4 904 57
904 4 57
152 670 62
670 152 62
721 249 21
249 721 21
756 670 82
670 756 82
967 94 49
94 967 49
929 365 68
365 929 68
497 487 20
487 497 20
395 866 69
866 395 69
720 386 19
386 720 19
73 880 21
880 73 21
845 886 33
886 845 33
96 915 65
915 96 65
745 57 43
57 745 43
584 265 3
265 584 3
249 242 54
242 249 54
290 729 48
729 290 48
574 57 43
57 574 43
978 678 26
678 978 26
815 235 96
235 815 96
335 620 41
620 335 41
923 745 45
745 923 45
579 891 34
891 579 34
378 67 22
67 378 22
870 120 48
120 870 48
408 268 15
268 408 15
766 137 50
137 766 50
354 573 52
573 354 52
470 854 14
854 470 14
478 328 27
328 478 27
114 310 33
310 114 33
598 289 77
289 598 77
290 302 10
302 290 10
784 123 62
123 784 62
335 315 68
315 335 68
979 578 88
578 979 88
3 393 40
393 3 40
671 534 42
534 671 42
137 915 13
915 137 13
318 817 77
817 318 77
87 254 54
254 87 54
257 438 92
438 257 92
976 606 6
606 976 6
562 98 25
98 562 25
211 300 3
300 211 3
403 937 87
937 403 87
482 639 22
639 482 22
641 243 73
243 641 73
712 529 97
529 712 97
160 468 23
468 160 23
23 693 18
693 23 18
178 298 43
298 178 43
985 456 33
456 985 33
776 558 43
558 776 43
899 827 5
827 899 5
217 856 78
856 217 78
349 642 77
642 349 77
306 346 17
346 306 17
170 495 48
495 170 48
841 194 59
194 841 59
144 308 54
308 144 54
60 688 25
688 60 25
784 523 77
523 784 77
574 383 14
383 574 14
621 958 24
958 621 24
333 524 74
524 333 74
965 577 15
577 965 15
343 353 16
353 343 16
24 190 17
190 24 17
153 288 84
288 153 84
199 211 64
211 199 64
303 684 24
684 303 24
710 204 74
204 710 74
972 390 79
390 972 79
138 304 31
304 138 31
154 537 44
537 154 44
74 605 100
605 74 100
284 781 37
781 284 37
114 40 16
40 114 16
843 115 27
115 843 27
215 785 62
785 215 62
779 836 70
836 779 70
102 978 24
978 102 24
750 499 24
499 750 24
853 560 11
560 853 11
791 77 13
77 791 13
611 625 80
625 611 80
649 441 84
441 649 84
982 345 43
345 982 43
448 755 92
755 448 92
411 364 75
364 411 75
46 602 24
602 46 24
127 335 94
335 127 94
185 128 89
128 185 89
292 291 36
291 292 36
854 971 9
971 854 9
107 444 68
444 107 68
670 33 89
33 670 89
660 349 64
349 660 64
464 154 84
154 464 84
364 351 31
351 364 31
263 117 60
117 263 60
267 842 16
842 267 16
889 355 24
355 889 24
799 611 30
611 799 30
959 629 55
629 959 55
235 4 16
4 235 16
675 446 4
446 675 4
733 716 79
716 733 79
198 461 65
461 198 65
834 105 57
105 834 57
762 801 57
801 762 57
598 549 100
549 598 100
304 590 86
590 304 86
402 435 48
435 402 48
233 636 97
636 233 97
298 569 28
569 298 28
680 448 73
448 680 73
204 350 92
350 204 92
725 110 18
110 725 18
112 167 8
167 112 8
918 552 95
552 918 95
359 306 18
306 359 18
233 678 72
678 233 72
2 660 96
660 2 96
289 922 91
922 289 91
307 112 95
112 307 95
279 51 34
51 279 34
450 967 99
967 450 99
589 252 79
252 589 79
202 717 44
717 202 44
823 924 5
924 823 5
188 850 37
850 188 37
788 114 76
114 788 76
137 981 80
981 137 80
785 704 2
704 785 2
302 429 46
429 302 46
592 576 70
576 592 70
795 333 11
333 795 11
858 538 77
538 858 77
321 466 77
466 321 77
991 722 41
722 991 41
533 598 22
598 533 22
977 93 32
93 977 32
391 424 36
424 391 36
925 879 80
879 925 80
473 23 34
23 473 34
818 163 38
163 818 38
787 752 83
752 787 83
911 648 26
648 911 26
937 816 67
816 937 67
408 497 97
497 408 97
964 652 27
652 964 27
892 512 38
512 892 38
126 53 62
53 126 62
684 789 55
789 684 55
997 796 71
796 997 71
923 287 8
287 923 8
680 747 75
747 680 75
186 965 36
965 186 36
238 69 17
69 238 17
457 143 93
143 457 93
767 863 61
863 767 61
946 102 79
102 946 79
423 437 10
437 423 10
528 130 28
130 528 28
384 180 13
180 384 13
906 19 8
19 906 8
34 747 10
747 34 10
385 283 64
283 385 64
650 174 58
174 650 58
299 317 84
317 299 84
836 756 28
756 836 28
735 791 5
791 735 5
38 833 66
833 38 66
836 486 98
486 836 98
116 226 52
226 116 52
946 589 87
589 946 87
860 883 59
883 860 59
826 121 21
121 826 21
752 190 13
190 752 13
130 755 80
755 130 80
912 845 10
845 912 10
279 99 89
99 279 89
531 518 12
518 531 12
383 636 57
636 383 57
347 305 74
305 347 74
24 317 35
317 24 35
577 656 47
656 577 47
118 597 2
597 118 2
584 617 64
617 584 64
338 859 84
859 338 84
375 130 24
130 375 24
444 262 62
262 444 62
436 133 73
133 436 73
980 807 46
807 980 46
647 392 46
392 647 46
339 366 74
366 339 74
171 867 70
867 171 70
473 830 89
830 473 89
985 562 50
562 985 50
74 15 30
15 74 30
984 529 8
529 984 8
358 35 50
35 358 50
739 383 36
383 739 36
244 133 11
133 244 11
602 607 47
607 602 47
709 975 4
975 709 4
419 411 2
411 419 2
167 354 68
354 167 68
861 267 79
267 861 79
941 940 55
940 941 55
415 720 52
720 415 52
637 45 42
45 637 42
587 980 21
980 587 21
555 700 18
700 555 18
186 392 96
392 186 96
992 409 68
409 992 68
874 413 71
413 874 71
60 634 20
634 60 20
687 75 63
75 687 63
97 645 74
645 97 74
774 388 30
388 774 30
51 841 59
841 51 59
722 894 72
894 722 72
132 287 75
287 132 75
633 980 59
980 633 59
761 124 35
124 761 35
409 279 81
279 409 81
181 190 37
190 181 37
823 816 15
816 823 15
501 479 25
479 501 25
374 317 76
317 374 76
296 718 91
718 296 91
25 469 55
469 25 55
474 234 59
234 474 59
315 888 50
888 315 50
553 294 25
294 553 25
870 568 75
568 870 75
950 625 37
625 950 37
236 523 22
523 236 22
694 805 58
805 694 58
967 448 63
448 967 63
841 926 84
926 841 84
638 608 24
608 638 24
990 44 99
44 990 99
852 414 74
414 852 74
719 94 45
94 719 45
76 872 98
872 76 98
855 515 10
515 855 10
663 272 3
272 663 3
733 349 22
349 733 22
520 245 52
245 520 52
264 389 82
389 264 82
763 662 86
662 763 86
867 810 32
810 867 32
883 748 17
748 883 17
516 636 81
636 516 81
158 140 62
140 158 62
456 278 37
278 456 37
270 427 73
427 270 73
56 312 44
312 56 44
319 343 63
343 319 63
649 959 100
959 649 100
643 737 29
737 643 29
178 375 35
375 178 35
781 771 34
771 781 34
923 174 65
174 923 65
32 293 39
293 32 39
796 786 80
786 796 80
411 896 82
896 411 82
281 791 80
791 281 80
740 134 19
134 740 19
281 503 68
503 281 68
958 330 97
330 958 97
248 656 41
656 248 41
866 490 50
490 866 50
52 321 43
321 52 43
274 942 79
942 274 79
506 671 24
671 506 24
280 312 1
312 280 1
118 272 2
272 118 2
133 790 25
790 133 25
737 95 62
95 737 62
552 499 23
499 552 23
580 888 36
888 580 36
498 957 48
957 498 48
952 958 77
958 952 77
207 190 95
190 207 95
145 226 54
226 145 54
80 604 55
604 80 55
294 834 83
834 294 83
472 790 6
790 472 6
469 476 84
476 469 84
877 172 92
172 877 92
718 961 88
961 718 88
667 426 99
426 667 99
760 609 32
609 760 32
721 292 82
292 721 82
438 113 26
113 438 26
372 12 65
12 372 65
996 385 50
385 996 50
51 927 5
927 51 5
444 806 80
806 444 80
931 428 37
428 931 37
242 32 19
32 242 19
175 816 20
816 175 20
390 79 73
79 390 73
420 906 57
906 420 57
166 271 18
271 166 18
191 726 93
726 191 93
632 101 60
101 632 60
47 254 89
254 47 89
348 523 77
523 348 77
30 743 35
743 30 35
774 316 96
316 774 96
928 586 52
586 928 52
291 938 92
938 291 92
280 994 4
994 280 4
321 44 70
44 321 70
570 87 31
87 570 31
249 162 54
162 249 54
877 307 72
307 877 72
384 998 53
998 384 53
150 55 42
55 150 42
541 773 90
773 541 90
687 231 65
231 687 65
293 137 31
137 293 31
404 177 2
177 404 2
350 823 11
823 350 11
278 329 48
329 278 48
69 346 89
346 69 89
647 722 16
722 647 16
682 425 41
425 682 41
911 648 93
648 911 93
463 444 86
444 463 86
284 67 74
67 284 74
529 652 56
652 529 56
879 144 13
144 879 13
763 136 27
136 763 27
882 326 36
326 882 36
562 60 67
60 562 67
49 260 52
260 49 52
50 698 29
698 50 29
902 431 73
431 902 73
402 370 93
370 402 93
11 843 90
843 11 90
495 645 95
645 495 95
949 147 54
147 949 54
272 792 51
792 272 51
235 93 48
93 235 48
821 934 44
934 821 44
725 815 63
815 725 63
701 358 40
358 701 40
395 489 46
489 395 46
906 867 18
867 906 18
935 392 18
392 935 18
13 682 62
682 13 62
941 981 43
981 941 43
941 802 8
802 941 8
587 952 40
952 587 40
574 432 47
432 574 47
654 471 14
471 654 14
190 175 84
175 190 84
579 185 70
185 579 70
69 326 41
326 69 41
228 491 12
491 228 12
7 804 58
804 7 58
534 812 72
812 534 72
12 442 48
442 12 48
419 388 56
388 419 56
594 547 78
547 594 78
556 474 63
474 556 63
578 961 86
961 578 86
391 405 75
405 391 75
599 955 85
955 599 85
427 385 1
385 427 1
345 773 76
773 345 76
296 480 29
480 296 29
477 550 82
550 477 82
806 998 3
998 806 3
695 509 16
509 695 16
216 913 98
913 216 98
254 369 37
369 254 37
57 864 82
864 57 82
731 552 24
552 731 24
203 428 28
428 203 28
421 248 90
248 421 90
167 22 33
22 167 33
113 53 41
53 113 41
6 462 17
462 6 17
899 62 69
62 899 69
566 699 20
699 566 20
121 494 33
494 121 33
15 260 16
260 15 16
673 525 81
525 673 81
165 546 58
546 165 58
465 340 70
340 465 70
477 467 100
467 477 100
174 307 29
307 174 29
645 305 62
305 645 62
259 425 29
425 259 29
301 495 4
495 301 4
823 843 76
843 823 76
300 841 82
841 300 82
962 226 16
226 962 16
666 492 47
492 666 47
525 300 32
300 525 32
639 767 20
767 639 20
871 505 93
505 871 93
449 214 92
214 449 92
704 875 8
875 704 8
561 41 27
41 561 27
682 128 70
128 682 70
304 363 23
363 304 23
61 74 3
74 61 3
718 966 31
966 718 31
178 34 13
34 178 13
799 153 46
153 799 46
557 793 53
793 557 53
528 994 53
994 528 53
50 643 8
643 50 8
116 867 88
867 116 88
104 681 73
681 104 73
329 331 57
331 329 57
186 29 76
29 186 76
70 134 91
134 70 91
447 52 86
52 447 86
32 158 50
158 32 50
822 526 87
526 822 87
85 133 55
133 85 55
795 501 42
501 795 42
197 333 42
333 197 42
458 222 29
222 458 29
355 687 42
687 355 42
141 346 9
346 141 9
49 103 2
103 49 2
925 669 97
669 925 97
463 66 93
66 463 93
875 386 9
386 875 9
604 780 3
780 604 3
606 708 21
708 606 21
213 6 40
6 213 40
222 115 20
115 222 20
277 51 55
51 277 55
446 908 89
908 446 89
159 495 5
495 159 5
468 265 54
265 468 54
937 207 69
207 937 69
829 671 76
671 829 76
459 257 81
257 459 81
438 508 44
508 438 44
999 639 40
639 999 40
566 832 64
832 566 64
17 334 22
334 17 22
507 933 31
933 507 31
426 255 100
255 426 100
907 282 95
282 907 95
525 715 18
715 525 18
798 704 85
704 798 85
186 426 19
426 186 19
757 525 20
525 757 20
942 186 43
186 942 43
124 139 32
139 124 32
958 478 25
478 958 25
790 657 25
657 790 25
153 358 75
358 153 75
185 122 84
122 185 84
580 336 20
336 580 20
194 600 19
600 194 19
336 183 65
183 336 65
918 763 58
763 918 58
496 687 66
687 496 66
311 758 50
758 311 50
834 445 76
445 834 76
396 126 60
126 396 60
495 714 89
714 495 89
110 661 36
661 110 36
393 115 74
115 393 74
408 229 94
229 408 94
886 759 90
759 886 90
19 408 38
408 19 38
870 175 19
175 870 19
195 75 85
75 195 85
732 9 40
9 732 40
613 255 37
255 613 37
480 586 12
586 480 12
467 510 84
510 467 84
434 28 8
28 434 8
927 236 21
236 927 21
232 426 56
426 232 56
286 515 10
515 286 10
785 61 90
61 785 90
37 581 43
581 37 43
82 16 52
16 82 52
404 912 89
912 404 89
752 814 69
814 752 69
290 863 87
863 290 87
205 468 4
468 205 4
532 970 68
970 532 68
963 723 48
723 963 48
933 957 93
957 933 93
469 170 76
170 469 76
560 497 85
497 560 85
641 421 64
421 641 64
417 788 15
788 417 15
284 175 46
175 284 46
501 763 31
763 501 31
644 181 97
181 644 97
753 606 79
606 753 79
314 52 43
52 314 43
268 792 27
792 268 27
481 458 95
458 481 95
624 93 69
93 624 69
68 431 15
431 68 15
486 6 14
6 486 14
952 957 50
957 952 50
152 354 88
354 152 88
833 132 36
132 833 36
694 586 84
586 694 84
398 182 95
182 398 95
764 431 24
431 764 24
747 293 58
293 747 58
150 303 79
303 150 79
498 72 84
72 498 84
565 506 47
506 565 47
520 812 12
812 520 12
216 331 86
331 216 86
169 127 15
127 169 15
919 22 76
22 919 76
842 291 67
291 842 67
693 595 74
595 693 74
920 168 46
168 920 46
267 866 36
866 267 36
73 731 55
731 73 55
371 634 54
634 371 54
923 428 53
428 923 53
740 725 72
725 740 72
284 898 81
898 284 81
261 697 45
697 261 45
968 328 94
328 968 94
379 544 94
544 379 94
184 633 20
633 184 20
139 533 42
533 139 42
643 18 66
18 643 66
278 326 26
326 278 26
677 651 54
651 677 54
48 961 45
961 48 45
26 503 99
503 26 99
329 645 24
645 329 24
144 905 12
905 144 12
322 850 97
850 322 97
226 301 16
301 226 16
904 214 38
214 904 38
960 966 40
966 960 40
791 109 48
109 791 48
422 935 61
935 422 61
238 724 23
724 238 23
710 373 59
373 710 59
596 545 54
545 596 54
197 570 66
570 197 66
327 106 52
106 327 52
186 584 37
584 186 37
858 485 44
485 858 44
428 717 39
717 428 39
328 157 57
157 328 57
358 227 43
227 358 43
845 847 34
847 845 34
527 231 63
231 527 63
337 18 89
18 337 89
146 553 54
553 146 54
100 107 53
107 100 53
248 820 65
820 248 65
494 448 89
448 494 89
642 911 50
911 642 50
722 437 30
437 722 30
611 961 2
961 611 2
376 536 2
536 376 2
878 879 22
879 878 22
46 546 78
546 46 78
577 389 3
389 577 3
352 782 88
782 352 88
618 292 37
292 618 37
958 208 16
208 958 16
792 307 3
307 792 3
545 955 88
955 545 88
149 493 2
493 149 2
849 574 26
574 849 26
208 250 88
250 208 88
987 259 89
259 987 89
730 117 32
117 730 32
362 538 5
538 362 5
626 298 39
298 626 39
715 696 76
696 715 76
386 721 69
721 386 69
383 334 3
334 383 3
173 77 77
77 173 77
93 413 58
413 93 58
795 376 54
376 795 54
910 344 70
344 910 70
59 858 91
858 59 91
431 128 90
128 431 90
312 831 10
831 312 10
969 318 68
318 969 68
803 446 65
446 803 65
877 22 73
22 877 73
141 928 46
928 141 46
296 237 49
237 296 49
55 989 6
989 55 6
275 587 74
587 275 74
228 661 48
661 228 48
953 904 78
904 953 78
170 778 26
778 170 26
934 770 40
770 934 40
162 23 18
23 162 18
788 539 13
539 788 13
350 746 25
746 350 25
382 184 30
184 382 30
787 498 99
498 787 99
231 522 26
522 231 26
65 338 44
338 65 44
34 314 3
314 34 3
458 803 95
803 458 95
254 104 98
104 254 98
312 965 47
965 312 47
147 469 33
469 147 33
18 388 75
388 18 75
887 740 71
740 887 71
176 868 19
868 176 19
111 707 49
707 111 49
877 929 35
929 877 35
234 925 32
925 234 32
387 92 4
92 387 4
953 957 62
957 953 62
447 969 62
969 447 62
342 632 91
632 342 91
51 63 82
63 51 82
783 514 64
514 783 64
990 55 27
55 990 27
352 68 28
68 352 28
321 666 49
666 321 49
871 638 45
638 871 45
759 391 96
391 759 96
569 138 28
138 569 28
712 547 65
547 712 65
667 12 12
12 667 12
762 10 53
10 762 53
376 123 76
123 376 76
215 412 8
412 215 8
784 733 61
733 784 61
429 99 79
99 429 79
979 16 89
16 979 89
530 69 94
69 530 94
239 422 13
422 239 13
356 237 11
237 356 11
107 288 3
288 107 3
711 219 50
219 711 50
733 219 77
219 733 77
659 221 36
221 659 36
328 410 71
410 328 71
669 287 62
287 669 62
266 465 30
465 266 30
885 426 79
426 885 79
954 735 34
735 954 34
847 292 99
292 847 99
239 858 66
858 239 66
885 883 42
883 885 42
10 64 94
64 10 94
289 52 84
52 289 84
116 204 68
204 116 68
526 652 7
652 526 7
53 951 85
951 53 85
56 640 96
640 56 96
601 591 6
591 601 6
880 601 59
601 880 59
548 65 97
65 548 97
241 789 18
789 241 18
686 307 79
307 686 79
823 63 47
63 823 47
60 893 9
893 60 9
192 750 94
750 192 94
785 725 61
725 785 61
761 682 72
682 761 72
279 210 65
210 279 65
780 78 8
78 780 8
862 102 82
102 862 82
217 524 98
524 217 98
987 10 10
10 987 10
353 555 59
555 353 59
651 155 15
155 651 15
447 810 41
810 447 41
664 859 65
859 664 65
879 665 87
665 879 87
888 465 2
465 888 2
849 757 3
757 849 3
705 174 38
174 705 38
660 450 22
450 660 22
393 556 65
556 393 65
174 428 76
428 174 76
137 665 89
665 137 89
765 454 70
454 765 70
454 313 58
313 454 58
881 685 80
685 881 80
882 456 29
456 882 29
935 249 80
249 935 80
660 632 64
632 660 64
574 75 25
75 574 25
118 94 27
94 118 27
713 735 72
735 713 72
349 320 39
320 349 39
198 687 80
687 198 80
828 299 30
299 828 30
670 542 38
542 670 38
532 970 32
970 532 32
131 431 13
431 131 13
966 372 64
372 966 64
605 436 23
436 605 23
888 732 35
732 888 35
36 272 20
272 36 20
164 320 53
320 164 53
823 640 83
640 823 83
138 697 35
697 138 35
351 934 85
934 351 85
809 669 51
669 809 51
35 581 61
581 35 61
955 836 37
836 955 37
727 378 6
378 727 6
575 230 72
230 575 72
4 351 90
351 4 90
264 924 2
924 264 2
225 401 42
401 225 42
864 241 7
241 864 7
652 700 53
700 652 53
818 92 79
92 818 79
920 878 9
878 920 9
740 425 76
425 740 76
695 314 45
314 695 45
312 819 83
819 312 83
181 974 19
974 181 19
760 411 93
411 760 93
942 881 60
881 942 60
657 708 78
708 657 78
861 605 32
605 861 32
825 277 54
277 825 54
335 615 19
615 335 19
458 555 62
555 458 62
140 190 90
190 140 90
405 457 62
457 405 62
488 563 36
563 488 36
491 321 73
321 491 73
227 274 89
274 227 89
345 334 38
334 345 38
846 697 96
697 846 96
146 547 31
547 146 31
589 681 61
681 589 61
775 90 30
90 775 30
375 267 66
267 375 66
0 206 45
206 0 45
379 128 22
128 379 22
564 390 43
390 564 43
178 124 51
124 178 51
748 258 22
258 748 22
726 411 92
411 726 92
294 442 45
442 294 45
569 846 66
846 569 66
294 407 54
407 294 54
445 325 81
325 445 81
930 341 55
341 930 55
644 225 47
225 644 47
728 864 74
864 728 74
957 593 57
593 957 57
295 984 99
984 295 99
17 435 40
435 17 40
17 757 39
757 17 39
638 436 99
436 638 99
591 937 3
937 591 3
370 356 54
356 370 54
936 7 63
7 936 63
23 379 12
379 23 12
373 279 13
279 373 13
739 54 31
54 739 31
436 211 75
211 436 75
520 83 6
83 520 6
981 856 80
856 981 80
227 412 70
412 227 70
336 42 56
42 336 56
545 779 59
779 545 59
461 38 49
38 461 49
949 672 74
672 949 74
718 160 1
160 718 1
886 36 60
36 886 60
550 258 85
258 550 85
257 968 100
968 257 100
212 11 84
11 212 84
538 691 14
691 538 14
689 463 28
463 689 28
122 392 58
392 122 58
58 152 84
152 58 84
426 890 60
890 426 60
893 731 49
731 893 49
552 504 9
504 552 9
300 232 28
232 300 28
74 12 43
12 74 43
304 233 45
233 304 45
321 298 21
298 321 21
301 664 58
664 301 58
284 224 93
224 284 93
216 157 33
157 216 33
665 577 40
577 665 40
634 777 47
777 634 47
407 842 98
842 407 98
3 938 55
938 3 55
918 149 33
149 918 33
257 818 98
818 257 98
937 391 5
391 937 5
75 39 73
39 75 73
680 531 61
531 680 61
153 309 88
309 153 88
855 868 45
868 855 45
781 676 65
676 781 65
753 188 22
188 753 22
189 516 56
516 189 56
839 0 88
0 839 88
544 129 3
129 544 3
503 75 72
75 503 72
397 738 83
738 397 83
488 124 15
124 488 15
181 22 31
22 181 31
806 896 15
896 806 15
353 20 87
20 353 87
987 127 49
127 987 49
881 240 55
240 881 55
584 979 62
979 584 62
765 316 22
316 765 22
122 6 82
6 122 82
165 617 48
617 165 48
275 550 74
550 275 74
736 805 38
805 736 38
294 731 31
731 294 31
878 837 97
837 878 97
47 512 76
512 47 76
885 808 91
808 885 91
876 540 94
540 876 94
736 3 20
3 736 20
4 804 9
804 4 9
849 255 100
255 849 100
736 292 93
292 736 93
439 511 83
511 439 83
456 455 97
455 456 97
953 614 68
614 953 68
235 452 51
452 235 51
773 506 54
506 773 54
197 645 6
645 197 6
175 371 41
371 175 41
583 44 40
44 583 40
874 320 78
320 874 78
215 472 23
472 215 23
95 234 27
234 95 27
739 592 18
592 739 18
908 693 46
693 908 46
707 70 59
70 707 59
982 40 38
40 982 38
165 730 36
730 165 36
824 820 28
820 824 28
454 148 13
148 454 13
582 284 67
284 582 67
928 673 34
673 928 34
817 378 11
378 817 11
279 785 52
785 279 52
363 166 24
166 363 24
29 684 82
684 29 82
302 384 67
384 302 67
902 146 74
146 902 74
180 322 8
322 180 8
189 769 31
769 189 31
525 394 77
394 525 77
80 707 70
707 80 70
990 761 38
761 990 38
474 78 73
78 474 73
391 156 11
156 391 11
876 715 99
715 876 99
403 166 73
166 403 73
917 20 90
20 917 90
533 410 100
410 533 100
187 921 64
921 187 64
456 881 6
881 456 6
476 49 56
49 476 56
744 461 89
461 744 89
24 382 91
382 24 91
492 931 87
931 492 87
56 582 95
582 56 95
571 262 79
262 571 79
906 840 19
840 906 19
209 804 95
804 209 95
133 189 23
189 133 23
183 960 31
960 183 31
273 265 4
265 273 4
943 677 36
677 943 36
980 583 83
583 980 83
326 197 84
197 326 84
8 463 28
463 8 28
476 340 49
340 476 49
665 902 45
902 665 45
290 832 37
832 290 37
479 10 13
10 479 13
837 939 43
939 837 43
606 227 62
227 606 62
194 84 51
84 194 51
192 391 100
391 192 100
755 619 86
619 755 86
991 465 14
465 991 14
524 482 66
482 524 66
874 45 33
45 874 33
159 810 65
810 159 65
96 802 14
802 96 14
115 982 62
982 115 62
685 754 61
754 685 61
549 36 75
36 549 75
335 780 82
780 335 82
445 264 41
264 445 41
429 282 70
282 429 70
899 424 7
424 899 7
526 34 13
34 526 13
495 260 24
260 495 24
11 750 82
750 11 82
620 599 18
599 620 18
697 594 15
594 697 15
298 819 96
819 298 96
386 291 38
291 386 38
179 321 95
321 179 95
736 201 3
201 736 3
231 560 41
560 231 41
608 399 32
399 608 32
483 751 52
751 483 52
983 396 24
396 983 24
164 66 93
66 164 93
427 474 60
474 427 60
690 868 72
868 690 72
341 664 8
664 341 8
460 741 52
741 460 52
271 449 72
449 271 72
206 103 16
103 206 16
654 687 26
687 654 26
275 206 40
206 275 40
485 588 17
588 485 17
364 781 68
781 364 68
98 630 51
630 98 51
138 132 47
132 138 47
304 147 31
147 304 31
526 303 7
303 526 7
285 685 29
685 285 29
641 729 78
729 641 78
466 280 20
280 466 20
616 250 95
250 616 95
904 898 45
898 904 45
78 744 22
744 78 22
987 225 68
225 987 68
546 897 84
897 546 84
754 571 76
571 754 76
95 759 16
759 95 16
364 683 72
683 364 72
760 395 66
395 760 66
171 784 64
784 171 64
736 729 62
729 736 62
297 678 89
678 297 89
316 749 81
749 316 81
471 150 76
150 471 76
390 714 21
714 390 21
453 330 36
330 453 36
749 705 79
705 749 79
727 27 20
27 727 20
98 722 57
722 98 57
287 598 51
598 287 51
388 42 42
42 388 42
161 389 5
389 161 5
637 963 69
963 637 69
601 163 43
163 601 43
562 683 52
683 562 52
328 478 77
478 328 77
622 233 13
233 622 13
589 3 87
3 589 87
317 102 28
102 317 28
248 243 89
243 248 89
525 512 96
512 525 96
762 821 74
821 762 74
538 990 25
990 538 25
151 970 85
970 151 85
761 268 4
268 761 4
456 169 1
169 456 1
14 51 32
51 14 32
799 685 66
685 799 66
704 494 23
494 704 23
248 981 18
981 248 18
951 961 75
961 951 75
527 262 69
262 527 69
53 283 95
283 53 95
223 676 63
676 223 63
28 413 2
413 28 2
655 126 29
126 655 29
266 67 39
67 266 39
395 388 49
388 395 49
475 660 95
660 475 95
118 513 87
513 118 87
966 425 33
425 966 33
838 220 40
220 838 40
214 838 1
838 214 1
530 532 56
532 530 56
322 143 82
143 322 82
505 753 43
753 505 43
327 262 24
262 327 24
135 148 76
148 135 76
190 259 61
259 190 61
265 110 47
110 265 47
826 54 80
54 826 80
688 446 42
446 688 42
670 883 71
883 670 71
576 816 6
816 576 6
266 680 56
680 266 56
885 875 23
875 885 23
417 169 52
169 417 52
770 418 61
418 770 61
635 253 63
253 635 63
549 749 12
749 549 12
792 127 74
127 792 74
809 119 88
119 809 88
205 716 18
716 205 18
726 373 45
373 726 45
424 323 47
323 424 47
208 897 17
897 208 17
45 60 11
60 45 11
859 243 53
243 859 53
334 903 50
903 334 50
51 728 56
728 51 56
641 94 55
94 641 55
18 186 15
186 18 15
662 247 17
247 662 17
586 429 97
429 586 97
520 601 69
601 520 69
734 846 65
846 734 65
589 288 64
288 589 64
107 954 18
954 107 18
109 501 98
501 109 98
551 643 84
643 551 84
411 804 70
804 411 70
687 304 11
304 687 11
959 572 94
572 959 94
333 190 3
190 333 3
253 439 70
439 253 70
390 793 66
793 390 66
386 414 8
414 386 8
990 268 7
268 990 7
288 514 93
514 288 93
454 732 100
732 454 100
789 701 25
701 789 25
713 627 61
627 713 61
405 143 54
143 405 54
229 154 73
154 229 73
976 656 83
656 976 83
127 376 42
376 127 42
98 339 41
339 98 41
590 321 14
321 590 14
208 373 90
373 208 90
568 484 99
484 568 99
290 495 84
495 290 84
74 141 23
141 74 23
797 770 64
770 797 64
814 835 89
835 814 89
496 177 5
177 496 5
594 671 4
671 594 4
265 274 94
274 265 94
430 201 4
201 430 4
163 713 13
713 163 13
989 417 46
417 989 46
190 40 71
40 190 71
287 336 10
336 287 10
790 958 57
958 790 57
439 520 50
520 439 50
206 197 77
197 206 77
458 227 6
227 458 6
95 328 48
328 95 48
357 834 43
834 357 43
832 917 38
917 832 38
709 289 81
289 709 81
585 304 33
304 585 33
234 18 77
18 234 77
325 575 75
575 325 75
541 922 61
922 541 61
909 321 14
321 909 14
563 577 9
577 563 9
252 719 82
719 252 82
817 339 71
339 817 71
347 55 84
55 347 84
197 519 47
519 197 47
246 858 84
858 246 84
806 51 21
51 806 21
846 239 22
239 846 22
686 271 51
271 686 51
841 279 91
279 841 91
193 275 54
275 193 54
260 812 44
812 260 44
196 503 23
503 196 23
113 880 44
880 113 44
996 818 81
818 996 81
542 878 43
878 542 43
425 50 58
50 425 58
922 611 55
611 922 55
243 12 40
12 243 40
177 391 19
391 177 19
242 775 99
775 242 99
783 764 43
764 783 43
903 891 33
891 903 33
149 89 84
89 149 84
522 832 32
832 522 32
70 617 7
617 70 7
964 302 74
302 964 74
692 788 90
788 692 90
271 977 32
977 271 32
545 924 63
924 545 63
945 347 61
347 945 61
830 504 31
504 830 31
738 181 100
181 738 100
63 761 43
761 63 43
193 669 79
669 193 79
367 918 45
918 367 45
903 224 18
224 903 18
91 709 35
709 91 35
271 281 73
281 271 73
971 179 16
179 971 16
84 190 16
190 84 16
16 491 83
491 16 83
680 982 26
982 680 26
839 546 5
546 839 5
42 780 34
780 42 34
850 178 89
178 850 89
575 144 11
144 575 11
836 759 98
759 836 98
42 984 70
984 42 70
408 147 67
147 408 67
650 840 53
840 650 53
603 327 1
327 603 1
774 959 38
959 774 38
725 871 94
871 725 94
671 55 21
55 671 21
494 730 86
730 494 86
775 313 40
313 775 40
78 902 63
902 78 63
21 994 92
994 21 92
541 742 69
742 541 69
13 143 27
143 13 27
531 865 55
865 531 55
365 354 17
354 365 17
57 65 15
65 57 15
85 957 38
957 85 38
417 892 40
892 417 40
889 15 90
15 889 90
893 192 1
192 893 1
908 66 56
66 908 56
500 127 38
127 500 38
573 31 77
31 573 77
534 282 11
282 534 11
10 913 46
913 10 46
304 459 35
459 304 35
464 217 37
217 464 37
974 476 56
476 974 56
384 344 75
344 384 75
680 17 72
17 680 72
403 180 33
180 403 33
819 777 46
777 819 46
544 867 34
867 544 34
434 976 81
976 434 81
150 248 59
248 150 59
901 74 7
74 901 7
263 826 85
826 263 85
981 959 51
959 981 51
597 880 27
880 597 27
986 480 13
480 986 13
260 865 21
865 260 21
650 338 58
338 650 58
376 15 84
15 376 84
488 848 4
848 488 4
131 501 64
501 131 64
670 200 81
200 670 81
953 491 95
491 953 95
585 893 38
893 585 38
561 677 10
677 561 10
492 377 14
377 492 14
664 434 22
434 664 22
21 978 50
978 21 50
238 386 49
386 238 49
937 854 77
854 937 77
271 454 18
454 271 18
795 921 84
921 795 84
563 649 54
649 563 54
856 386 88
386 856 88
770 491 95
491 770 95
53 459 84
459 53 84
527 399 75
399 527 75
56 291 71
291 56 71
554 892 61
892 554 61
737 602 17
602 737 17
528 929 89
929 528 89
245 127 53
127 245 53
321 401 5
401 321 5
445 199 36
199 445 36
689 864 81
864 689 81
244 478 62
478 244 62
843 744 18
744 843 18
983 277 18
277 983 18
813 984 63
984 813 63
314 5 5
5 314 5
737 800 23
800 737 23
923 132 85
132 923 85
398 931 68
931 398 68
879 191 27
191 879 27
6 800 71
800 6 71
636 81 85
81 636 85
55 32 94
32 55 94
507 68 68
68 507 68
702 803 30
803 702 30
702 318 1
318 702 1
698 915 12
915 698 12
24 441 3
441 24 3
385 597 48
597 385 48
345 705 82
705 345 82
265 667 72
667 265 72
839 933 23
933 839 23
632 191 36
191 632 36
23 499 75
499 23 75
59 959 28
959 59 28
697 846 48
846 697 48
353 409 46
409 353 46
59 2 45
2 59 45
897 836 10
836 897 10
812 591 40
591 812 40
730 82 73
82 730 73
764 787 73
787 764 73
486 579 76
579 486 76
557 935 42
935 557 42
239 551 14
551 239 14
958 875 76
875 958 76
766 614 46
614 766 46
973 822 2
822 973 2
934 699 41
699 934 41
417 585 13
585 417 13
884 562 37
562 884 37
73 448 56
448 73 56
10 952 57
952 10 57
936 919 47
919 936 47
265 878 85
878 265 85
325 840 91
840 325 91
115 173 97
173 115 97
392 327 61
327 392 61
838 747 8
747 838 8
807 360 67
360 807 67
757 968 64
968 757 64
793 355 67
355 793 67
964 751 60
751 964 60
613 213 17
213 613 17
67 728 14
728 67 14
965 418 1
418 965 1
270 718 99
718 270 99
900 775 16
775 900 16
515 2 94
2 515 94
982 565 73
565 982 73
558 725 51
725 558 51
84 876 25
876 84 25
796 607 29
607 796 29
202 893 70
893 202 70
888 324 11
324 888 11
991 774 30
774 991 30
340 336 70
336 340 70
112 715 88
715 112 88
81 127 46
127 81 46
986 976 89
976 986 89
536 788 1
788 536 1
832 465 83
465 832 83
206 249 21
249 206 21
271 856 18
856 271 18
385 691 32
691 385 32
201 355 13
355 201 13
419 600 85
600 419 85
371 167 86
167 371 86
194 688 31
688 194 31
159 47 76
47 159 76
504 752 88
752 504 88
151 822 100
822 151 100
583 420 86
420 583 86
405 918 42
918 405 42
806 197 36
197 806 36
454 985 36
985 454 36
885 312 9
312 885 9
918 891 73
891 918 73
678 163 31
163 678 31
499 348 65
348 499 65
39 906 76
906 39 76
663 574 29
574 663 29
675 911 41
911 675 41
814 186 68
186 814 68
581 633 70
633 581 70
414 465 81
465 414 81
877 973 65
973 877 65
324 229 94
229 324 94
857 700 39
700 857 39
620 847 100
847 620 100
113 951 18
951 113 18
981 388 54
388 981 54
922 644 44
644 922 44
553 993 69
993 553 69
354 776 79
776 354 79
21 833 69
833 21 69
550 622 34
622 550 34
970 622 58
622 970 58
400 783 91
783 400 91
816 972 86
972 816 86
83 546 72
546 83 72
390 622 6
622 390 6
161 300 42
300 161 42
415 524 38
524 415 38
570 344 27
344 570 27
135 484 71
484 135 71
367 47 33
47 367 33
430 517 27
517 430 27
130 639 38
639 130 38
192 887 28
887 192 28
931 971 27
971 931 27
196 58 63
58 196 63
414 376 7
376 414 7
999 51 20
51 999 20
852 543 26
543 852 26
171 834 40
834 171 40
71 415 35
415 71 35
411 944 39
944 411 39
639 700 98
700 639 98
359 905 46
905 359 46
911 272 18
272 911 18
168 443 97
443 168 97
591 560 82
560 591 82
694 195 58
195 694 58
909 875 42
875 909 42
168 888 1
888 168 1
238 769 1
769 238 1
406 3 18
3 406 18
234 757 52
757 234 52
12 80 43
80 12 43
702 265 23
265 702 23
128 357 37
357 128 37
29 551 43
551 29 43
870 573 32
573 870 32
932 319 28
319 932 28
216 346 19
346 216 19
306 440 30
440 306 30
725 349 45
349 725 45
804 715 94
715 804 94
337 686 50
686 337 50
401 693 8
693 401 8
836 617 7
617 836 7
729 10 57
10 729 57
186 10 65
10 186 65
499 961 6
961 499 6
403 116 94
116 403 94
849 184 47
184 849 47
720 958 28
958 720 28
451 342 97
342 451 97
724 998 24
998 724 24
916 901 1
901 916 1
959 734 15
734 959 15
150 510 66
510 150 66
236 942 3
942 236 3
399 708 65
708 399 65
976 358 44
358 976 44
22 759 7
759 22 7
506 281 94
281 506 94
434 203 1
203 434 1
833 643 55
643 833 55
337 905 89
905 337 89
548 240 78
240 548 78
139 956 26
956 139 26
853 208 72
208 853 72
329 192 34
192 329 34
682 917 80
917 682 80
581 440 38
440 581 38
825 169 73
169 825 73
136 520 47
520 136 47
521 90 100
90 521 100
619 617 47
617 619 47
