-------------- Algoritmo de Edmonds --------------
-------------- Árvore geradora mínima: -----------
0 1 68
1 2 1
406 3 18
235 4 16
314 5 5
486 6 14
6 7 3
716 8 83
178 9 5
484 10 5
581 11 41
667 12 12
268 13 14
67 14 76
982 15 7
15 16 36
16 17 21
17 18 19
906 19 8
19 20 18
20 21 28
585 22 23
811 23 3
55 24 21
752 25 15
848 26 7
26 27 5
434 28 8
28 29 16
530 30 37
82 31 58
242 32 19
517 33 22
178 34 13
230 35 23
35 36 60
36 37 22
645 38 25
38 39 6
114 40 16
465 41 20
41 42 21
42 43 25
583 44 40
874 45 33
45 46 39
367 47 33
47 48 98
531 49 12
934 50 5
490 51 18
522 52 34
296 53 11
739 54 31
671 55 21
308 56 3
329 57 13
582 58 16
373 59 5
45 60 11
231 61 9
181 62 5
62 63 16
63 64 6
57 65 15
908 66 56
66 67 18
352 68 28
238 69 17
17 70 3
531 71 29
16 72 1
72 73 99
61 74 3
574 75 25
458 76 31
933 77 5
780 78 8
319 79 51
177 80 10
638 81 18
729 82 56
520 83 6
194 84 51
446 85 40
85 86 15
218 87 2
87 88 77
88 89 3
89 90 22
206 91 23
387 92 4
92 93 14
118 94 27
406 95 9
95 96 38
96 97 14
97 98 7
252 99 18
435 100 17
185 101 12
101 102 7
80 103 2
103 104 30
834 105 57
327 106 52
100 107 53
107 108 31
791 109 48
865 110 16
629 111 26
710 112 2
438 113 26
615 114 3
786 115 17
974 116 31
730 117 32
401 118 18
118 119 72
293 120 2
120 121 16
433 122 46
784 123 62
488 124 15
124 125 20
125 126 23
169 127 15
879 128 4
544 129 3
375 130 24
843 131 9
131 132 13
244 133 11
740 134 19
302 135 25
135 136 11
293 137 31
569 138 28
65 139 15
139 140 51
146 141 13
141 142 37
142 143 7
575 144 11
202 145 60
98 146 30
146 147 25
454 148 13
918 149 33
471 150 76
150 151 32
268 152 1
152 153 28
590 154 7
651 155 15
391 156 11
156 157 20
157 158 10
158 159 33
718 160 1
659 161 4
916 162 53
162 163 5
163 164 23
164 165 18
192 166 22
166 167 8
468 168 19
456 169 1
169 170 12
835 171 49
758 172 32
172 173 9
705 174 38
870 175 19
175 176 29
404 177 2
26 178 77
971 179 16
179 180 12
180 181 24
68 182 4
531 183 8
224 184 11
184 185 42
185 186 9
394 187 14
268 188 18
188 189 22
333 190 3
879 191 27
893 192 1
713 193 19
365 194 17
595 195 9
123 196 29
806 197 36
197 198 88
791 199 15
32 200 68
736 201 3
201 202 53
434 203 1
203 204 25
204 205 20
0 206 45
206 207 45
207 208 5
208 209 47
283 210 61
210 211 30
327 212 8
613 213 17
213 214 31
214 215 66
466 216 16
330 217 30
120 218 54
711 219 50
838 220 40
194 221 30
221 222 18
454 223 17
903 224 18
644 225 47
962 226 16
458 227 6
908 228 16
228 229 44
575 230 72
437 231 6
300 232 28
622 233 13
691 234 6
234 235 4
927 236 21
807 237 1
234 238 89
979 239 14
881 240 55
864 241 7
249 242 54
859 243 53
243 244 97
21 245 2
245 246 15
662 247 17
247 248 46
892 249 4
923 250 85
250 251 32
413 252 74
252 253 7
87 254 54
613 255 37
255 256 6
459 257 81
257 258 13
914 259 3
259 260 7
260 261 3
261 262 6
262 263 93
445 264 41
584 265 3
794 266 33
516 267 8
761 268 4
85 269 4
856 270 71
270 271 6
271 272 2
412 273 1
243 274 4
274 275 40
275 276 10
983 277 18
456 278 37
373 279 13
466 280 20
344 281 44
281 282 9
385 283 64
283 284 24
187 285 8
192 286 52
923 287 8
107 288 3
550 289 58
782 290 17
292 291 36
291 292 20
32 293 39
553 294 25
318 295 65
295 296 48
296 297 2
321 298 21
28 299 7
211 300 3
687 301 5
301 302 1
526 303 7
687 304 11
469 305 57
147 306 12
792 307 3
144 308 54
308 309 57
114 310 33
616 311 55
280 312 1
998 313 28
34 314 3
314 315 31
765 316 22
47 317 19
702 318 1
932 319 28
349 320 39
590 321 14
180 322 8
424 323 47
888 324 11
445 325 81
278 326 26
603 327 1
478 328 27
328 329 20
329 330 22
179 331 8
331 332 57
795 333 11
383 334 3
127 335 94
287 336 10
838 337 18
65 338 44
977 339 3
339 340 6
578 341 17
341 342 22
342 343 29
476 344 17
979 345 26
956 346 7
592 347 2
347 348 12
733 349 22
969 350 7
364 351 31
419 352 56
343 353 16
365 354 17
201 355 13
370 356 54
986 357 29
357 358 5
840 359 10
359 360 27
359 361 11
833 362 16
362 363 8
363 364 29
337 365 4
831 366 15
366 367 100
371 368 34
762 369 23
419 370 40
370 371 14
966 372 64
263 373 28
373 374 66
374 375 21
414 376 7
466 377 7
727 378 6
23 379 12
379 380 58
383 381 2
457 382 20
623 383 1
383 384 45
427 385 1
738 386 3
386 387 6
387 388 12
577 389 3
389 390 32
937 391 5
391 392 3
728 393 31
42 394 7
394 395 27
983 396 24
396 397 18
397 398 4
608 399 32
399 400 62
321 401 5
401 402 23
456 403 47
603 404 12
391 405 75
405 406 10
406 407 50
716 408 8
408 409 36
595 410 67
419 411 2
215 412 8
28 413 2
386 414 8
833 415 33
415 416 9
416 417 38
965 418 1
848 419 15
419 420 10
420 421 5
239 422 13
279 423 7
423 424 3
424 425 22
855 426 10
991 427 32
427 428 2
428 429 22
980 430 5
131 431 13
574 432 47
358 433 20
664 434 22
434 435 38
353 436 8
423 437 10
437 438 40
438 439 29
306 440 30
24 441 3
441 442 28
513 443 24
181 444 1
39 445 17
675 446 4
446 447 69
447 448 20
448 449 39
660 450 22
622 451 8
451 452 41
452 453 17
271 454 18
454 455 30
797 456 9
196 457 35
848 458 44
458 459 16
459 460 57
82 461 64
6 462 17
709 463 26
463 464 17
888 465 2
465 466 45
466 467 23
205 468 4
468 469 1
469 470 33
654 471 14
215 472 23
260 473 5
984 474 5
528 475 18
215 476 8
713 477 21
477 478 14
478 479 6
986 480 13
64 481 25
539 482 53
482 483 28
772 484 17
334 485 23
485 486 61
497 487 20
487 488 25
435 489 11
489 490 42
506 491 11
122 492 19
149 493 2
987 494 17
301 495 4
495 496 44
496 497 29
497 498 50
186 499 2
332 500 48
795 501 42
501 502 58
439 503 15
250 504 3
756 505 14
734 506 35
10 507 64
438 508 44
695 509 16
564 510 13
510 511 27
929 512 7
512 513 30
513 514 53
286 515 10
693 516 29
516 517 18
531 518 12
518 519 3
519 520 43
259 521 26
231 522 26
236 523 22
415 524 38
885 525 5
117 526 23
526 527 40
166 528 29
984 529 8
151 530 33
530 531 5
531 532 27
532 533 5
533 534 37
697 535 4
376 536 2
748 537 25
362 538 5
788 539 13
539 540 13
540 541 10
541 542 10
542 543 24
543 544 30
596 545 54
839 546 5
395 547 1
547 548 44
548 549 20
549 550 2
239 551 14
985 552 6
552 553 15
553 554 32
554 555 47
555 556 27
556 557 19
557 558 15
558 559 62
853 560 11
560 561 54
486 562 12
765 563 15
262 564 30
564 565 28
39 566 36
566 567 32
735 568 48
296 569 5
609 570 28
570 571 26
400 572 4
870 573 32
573 574 1
263 575 39
592 576 70
563 577 9
101 578 1
119 579 6
579 580 19
814 581 25
581 582 36
824 583 68
186 584 37
417 585 13
480 586 12
772 587 6
485 588 17
148 589 16
304 590 86
860 591 1
34 592 9
592 593 33
697 594 15
295 595 11
595 596 17
118 597 2
533 598 22
620 599 18
967 600 1
880 601 59
601 602 10
425 603 40
387 604 36
36 605 2
976 606 6
329 607 23
638 608 24
608 609 6
609 610 66
799 611 30
518 612 6
612 613 58
569 614 3
729 615 14
615 616 7
836 617 7
617 618 79
618 619 33
619 620 17
934 621 13
390 622 6
998 623 27
850 624 22
654 625 5
260 626 7
626 627 52
918 628 25
448 629 34
629 630 6
630 631 75
631 632 28
632 633 7
60 634 20
634 635 42
858 636 19
636 637 82
336 638 20
638 639 7
639 640 55
640 641 17
641 642 11
50 643 8
643 644 12
197 645 6
645 646 66
646 647 32
911 648 26
648 649 12
649 650 1
219 651 23
526 652 7
559 653 51
399 654 40
570 655 53
691 656 5
790 657 25
657 658 35
658 659 12
831 660 12
367 661 22
648 662 37
209 663 32
663 664 7
449 665 23
665 666 10
234 667 11
667 668 41
285 669 29
152 670 62
594 671 4
578 672 5
672 673 25
673 674 45
674 675 38
675 676 25
561 677 10
677 678 1
678 679 48
299 680 39
589 681 61
209 682 15
562 683 52
81 684 12
684 685 12
195 686 9
197 687 1
687 688 4
688 689 37
689 690 12
538 691 14
691 692 8
401 693 8
693 694 49
919 695 29
997 696 60
46 697 9
50 698 29
566 699 20
202 700 1
789 701 25
892 702 32
865 703 62
293 704 1
704 705 21
705 706 24
831 707 36
606 708 21
482 709 30
374 710 5
183 711 15
711 712 10
163 713 13
390 714 21
525 715 18
205 716 18
716 717 18
717 718 6
126 719 3
330 720 32
386 721 69
647 722 16
722 723 1
192 724 9
724 725 2
725 726 4
726 727 34
727 728 8
464 729 11
165 730 36
730 731 27
573 732 2
869 733 21
174 734 5
709 735 32
735 736 45
736 737 27
743 738 26
738 739 28
515 740 64
71 741 29
35 742 9
742 743 32
335 744 5
887 745 1
411 746 3
838 747 8
747 748 10
473 749 6
275 750 3
804 751 11
846 752 36
752 753 25
685 754 61
732 755 60
755 756 15
756 757 2
397 758 25
758 759 6
759 760 23
988 761 7
761 762 26
679 763 10
783 764 43
665 765 16
300 766 22
639 767 20
767 768 10
238 769 1
934 770 40
770 771 3
16 772 18
61 773 51
838 774 10
900 775 16
775 776 42
819 777 46
721 778 12
951 779 26
604 780 3
502 781 20
781 782 78
115 783 33
783 784 14
146 785 28
140 786 2
764 787 73
536 788 1
788 789 6
472 790 6
735 791 5
477 792 2
90 793 6
248 794 2
763 795 57
795 796 48
796 797 2
460 798 42
798 799 32
737 800 23
800 801 23
941 802 8
802 803 16
4 804 9
75 805 6
575 806 39
44 807 32
807 808 22
808 809 99
809 810 20
810 811 46
520 812 12
821 813 30
752 814 69
725 815 63
576 816 6
153 817 52
817 818 10
960 819 27
824 820 28
555 821 22
973 822 2
350 823 11
381 824 14
530 825 41
825 826 36
899 827 5
584 828 7
291 829 7
473 830 89
312 831 10
829 832 12
923 833 27
833 834 19
433 835 49
897 836 10
836 837 7
214 838 1
107 839 18
906 840 19
51 841 59
841 842 12
506 843 35
958 844 12
912 845 10
845 846 13
752 847 7
488 848 4
978 849 5
188 850 37
850 851 14
851 852 63
852 853 62
470 854 14
854 855 54
271 856 18
856 857 31
857 858 4
739 859 39
859 860 49
569 861 12
649 862 17
128 863 34
352 864 4
260 865 21
418 866 33
906 867 18
176 868 19
719 869 16
869 870 33
870 871 18
871 872 51
840 873 49
873 874 42
874 875 6
84 876 25
204 877 10
920 878 9
878 879 22
73 880 21
456 881 6
881 882 11
18 883 8
883 884 34
473 885 52
845 886 33
886 887 19
168 888 1
522 889 59
889 890 51
903 891 33
417 892 40
60 893 9
893 894 20
772 895 6
806 896 15
208 897 17
904 898 45
494 899 13
862 900 32
916 901 1
901 902 11
334 903 50
903 904 11
904 905 8
739 906 31
950 907 28
367 908 46
908 909 9
909 910 92
675 911 41
911 912 14
600 913 10
913 914 78
698 915 12
555 916 15
154 917 31
405 918 42
918 919 13
919 920 79
920 921 1
289 922 27
575 923 56
264 924 2
234 925 32
198 926 2
51 927 5
346 928 2
877 929 35
273 930 1
930 931 29
931 932 14
932 933 20
661 934 18
557 935 42
963 936 89
591 937 3
3 938 55
739 939 43
338 940 2
263 941 40
236 942 3
219 943 2
310 944 28
944 945 72
514 946 5
516 947 5
947 948 25
454 949 66
394 950 22
113 951 18
344 952 22
994 953 2
107 954 18
457 955 6
272 956 8
85 957 12
957 958 16
59 959 28
183 960 31
611 961 2
744 962 15
647 963 39
89 964 31
964 965 3
718 966 31
966 967 40
937 968 28
968 969 49
539 970 16
854 971 9
971 972 23
972 973 57
973 974 1
709 975 4
634 976 56
601 977 9
561 978 3
142 979 7
587 980 21
248 981 18
680 982 26
816 983 3
983 984 61
917 985 3
420 986 32
986 987 20
987 988 52
55 989 6
870 990 14
912 991 8
732 992 21
486 993 10
280 994 4
994 995 30
929 996 2
836 997 44
806 998 3
998 999 54
-------------- Soma dos pesos: 23855 -----------
-------------- Tempo de execução -----------------
