-------------- Algoritmo de Edmonds --------------
-------------- Árvore geradora mínima: -----------
3 1 10
1 2 10
46 3 32
3 4 10
46 5 10
19 6 8
39 7 1
7 8 6
33 9 2
41 10 7
10 11 6
11 12 12
45 13 16
49 14 2
28 15 1
22 16 4
49 17 29
33 18 23
14 19 5
40 20 12
11 21 14
8 22 1
42 23 6
45 24 6
19 25 6
1 26 1
22 27 22
18 28 6
47 29 2
18 30 10
39 31 6
30 32 4
18 33 11
27 34 7
39 35 2
6 36 4
48 37 15
46 38 3
4 39 19
24 40 26
0 41 24
5 42 13
15 43 8
22 44 19
33 45 15
45 46 15
46 47 1
8 48 11
11 49 1
-------------- Soma dos pesos: 484 -----------
-------------- Tempo de execução -----------------
