PARAMETER: 
csv not given, default assumed ()
outfile not given, default assumed ()
	algo: pq
	check: 0
	csv: 
	giantCC: 0
	input: ./maior_componente3.wsoap
	outfile: 
	root: 0
load graph finished in 0 ms
n      =1332
m      =1337
check weights finished in 0 ms
construct algo DS finished in 0 ms
run algo finished in 0 ms
reconstruct finished in 0 ms
destroy finished in 0 ms
total finished in 0 ms
n      =1332
m      =1337
w      =37105
w%1e9  =37105
w/1e9  =0
Edges and weights of the MST:
1330 1331 9
1329 1330 16
1328 1329 30
1327 1328 30
1326 1327 15
1325 1326 23
1324 1325 20
1323 1324 16
1322 1323 16
1321 1322 16
1320 1321 10
1319 1320 10
1318 1319 11
1317 1318 13
1316 1317 18
1315 1316 21
1314 1315 20
1313 1314 14
1312 1313 17
1311 1312 16
1310 1311 13
1309 1310 11
1308 1309 8
1307 1308 4
1306 1307 5
1305 1306 6
1304 1305 12
1303 1304 12
1302 1303 11
1301 1302 6
1300 1301 9
1299 1300 10
1298 1299 11
1297 1298 7
1296 1297 9
1295 1296 7
1294 1295 7
1293 1294 8
1292 1293 16
1291 1292 10
1290 1291 14
1289 1290 17
1288 1289 16
1287 1288 8
1286 1287 9
1285 1286 11
1284 1285 12
1283 1284 20
1282 1283 14
1281 1282 12
1280 1281 15
1279 1280 13
1278 1279 10
1277 1278 9
1276 1277 13
1275 1276 14
1274 1275 17
1273 1274 15
1272 1273 18
1271 1272 28
1270 1271 9
1269 1270 7
1268 1269 7
1267 1268 7
1266 1267 8
1265 1266 9
1264 1265 6
1263 1264 10
1262 1263 5
1261 1262 8
1260 1261 9
1259 1260 9
1258 1259 12
1257 1258 15
1256 1257 36
1255 1256 38
1254 1255 34
1253 1254 66
1252 1253 68
1251 1252 35
1250 1251 20
1249 1250 16
1248 1249 23
1247 1248 37
1246 1247 13
1229 1246 15
1244 1245 53
1243 1244 11
1242 1243 14
1241 1242 41
1240 1241 34
1239 1240 10
1238 1239 50
1237 1238 26
1236 1237 40
1235 1236 28
1234 1235 20
1233 1234 41
1232 1233 11
1231 1232 15
1230 1231 34
1229 1230 35
1228 1229 10
1227 1228 8
1226 1227 7
1225 1226 11
1224 1225 9
1223 1224 10
1222 1223 14
1221 1222 11
1220 1221 12
1219 1220 14
1218 1219 9
1217 1218 9
1216 1217 9
1215 1216 12
1214 1215 12
1213 1214 8
1212 1213 55
1211 1212 11
1210 1211 19
1209 1210 14
1208 1209 14
1207 1208 13
1206 1207 9
1205 1206 10
1204 1205 9
1203 1204 13
1202 1203 17
1201 1202 26
1200 1201 17
1199 1200 9
1198 1199 6
1197 1198 10
1196 1197 8
1195 1196 9
1194 1195 8
1193 1194 14
1192 1193 12
1191 1192 9
1190 1191 10
1189 1190 10
1188 1189 24
1187 1188 20
1186 1187 25
1185 1186 13
1184 1185 10
1183 1184 17
1182 1183 29
1181 1182 38
1180 1181 27
1179 1180 10
1178 1179 12
1177 1178 18
1176 1177 43
1175 1176 35
1174 1175 42
1173 1174 32
1172 1173 31
1171 1172 55
1170 1171 18
1169 1170 20
1168 1169 15
1167 1168 14
1166 1167 38
1165 1166 64
1164 1165 13
1163 1164 10
1162 1163 14
1161 1162 29
1160 1161 76
1159 1160 112
1158 1159 41
1157 1158 43
1156 1157 49
1155 1156 128
1154 1155 52
1153 1154 83
1152 1153 61
1151 1152 29
1150 1151 79
1149 1150 137
1148 1149 174
1147 1148 100
1146 1147 155
1145 1146 119
1144 1145 329
1143 1144 332
1142 1143 90
1140 1142 100
1140 1141 23
1139 1140 25
1138 1139 88
1137 1138 49
1136 1137 42
1134 1136 49
1134 1135 43
1133 1134 53
1132 1133 64
1131 1132 20
1130 1131 20
1129 1130 27
1128 1129 22
1127 1128 9
1126 1127 9
1125 1126 12
1124 1125 8
1123 1124 9
1122 1123 8
1121 1122 8
1120 1121 11
1119 1120 20
1118 1119 27
1117 1118 26
1116 1117 20
1115 1116 23
1114 1115 67
1113 1114 39
1112 1113 59
1111 1112 23
1110 1111 27
1109 1110 82
1108 1109 17
1107 1108 15
1106 1107 55
1105 1106 85
1104 1105 19
1103 1104 21
1102 1103 68
1101 1102 19
1100 1101 14
1099 1100 12
1098 1099 16
1097 1098 47
1096 1097 10
1095 1096 9
1094 1095 7
1093 1094 38
1092 1093 13
1091 1092 31
1090 1091 15
1089 1090 158
1088 1089 19
1087 1088 12
1086 1087 56
1085 1086 35
1084 1085 14
1083 1084 13
1082 1083 112
1081 1082 22
1080 1081 18
1079 1080 43
1078 1079 13
1076 1078 10
1076 1077 55
1075 1076 7
1074 1075 10
1073 1074 26
1072 1073 74
1071 1072 10
1070 1071 38
1069 1070 12
1068 1069 9
1067 1068 52
1066 1067 13
1065 1066 8
1064 1065 10
1063 1064 26
1062 1063 10
1061 1062 46
1060 1061 24
1059 1060 12
1058 1059 16
1057 1058 9
1056 1057 9
1055 1056 14
1054 1055 37
1053 1054 17
1052 1053 12
1051 1052 12
1050 1051 21
1049 1050 57
1048 1049 49
1047 1048 16
1046 1047 17
1045 1046 10
1044 1045 9
1043 1044 39
1042 1043 16
1041 1042 5
1040 1041 5
1039 1040 6
1038 1039 45
1037 1038 13
1036 1037 21
1035 1036 17
1034 1035 7
1033 1034 8
1032 1033 11
1031 1032 15
1030 1031 20
1029 1030 14
1028 1029 9
1027 1028 15
1026 1027 13
1025 1026 69
1024 1025 42
1023 1024 16
1022 1023 8
1021 1022 11
1020 1021 18
1019 1020 16
1018 1019 28
1017 1018 10
1016 1017 14
1015 1016 23
1014 1015 16
1013 1014 11
1012 1013 22
1011 1012 20
1010 1011 19
1009 1010 27
1008 1009 56
1007 1008 41
1006 1007 12
1005 1006 25
1004 1005 9
1003 1004 16
1002 1003 14
1001 1002 30
1000 1001 24
999 1000 14
998 999 29
997 998 22
996 997 45
995 996 22
994 995 16
993 994 13
992 993 26
991 992 217
990 991 61
989 990 183
955 989 34
973 988 16
986 987 13
985 986 19
984 985 28
983 984 17
982 983 6
981 982 12
980 981 7
979 980 10
978 979 6
977 978 10
976 977 11
975 976 12
974 975 43
973 974 21
972 973 14
971 972 9
970 971 60
969 970 35
968 969 49
967 968 24
966 967 105
965 966 35
964 965 68
963 964 15
962 963 15
961 962 37
960 961 34
959 960 48
958 959 174
957 958 22
956 957 33
955 956 39
949 955 69
950 954 173
952 953 6
950 952 211
950 951 132
949 950 58
948 949 282
932 948 238
946 947 16
945 946 45
944 945 16
943 944 32
942 943 35
941 942 120
940 941 53
939 940 35
938 939 57
937 938 49
936 937 20
935 936 89
934 935 71
933 934 131
932 933 97
931 932 56
930 931 61
929 930 56
928 929 88
927 928 80
926 927 48
923 926 41
924 925 41
923 924 76
270 923 39
892 922 13
920 921 13
919 920 14
918 919 14
917 918 20
916 917 8
915 916 8
914 915 9
913 914 6
912 913 5
911 912 5
910 911 10
909 910 15
908 909 16
907 908 18
906 907 18
905 906 14
904 905 11
903 904 14
902 903 12
901 902 11
900 901 11
899 900 11
898 899 16
897 898 13
896 897 12
895 896 11
894 895 11
893 894 10
892 893 8
891 892 14
890 891 12
889 890 14
888 889 16
887 888 18
886 887 10
885 886 7
884 885 9
883 884 13
882 883 16
881 882 10
880 881 15
879 880 19
878 879 12
877 878 13
876 877 21
875 876 7
874 875 7
873 874 9
872 873 7
871 872 8
870 871 5
869 870 18
868 869 14
867 868 14
866 867 11
865 866 7
864 865 13
863 864 9
862 863 5
861 862 8
860 861 10
859 860 10
858 859 9
857 858 7
856 857 7
855 856 8
854 855 7
853 854 10
852 853 14
851 852 12
850 851 7
849 850 9
848 849 8
847 848 7
846 847 7
845 846 4
844 845 9
843 844 9
842 843 8
841 842 7
840 841 6
839 840 17
838 839 16
837 838 29
836 837 32
835 836 13
834 835 15
833 834 13
832 833 9
831 832 14
830 831 12
828 830 15
828 829 39
827 828 29
826 827 23
825 826 50
824 825 16
823 824 16
822 823 23
821 822 24
820 821 14
819 820 8
818 819 9
817 818 8
816 817 11
815 816 5
814 815 6
813 814 4
812 813 5
811 812 11
810 811 13
809 810 7
808 809 6
807 808 4
806 807 10
805 806 9
804 805 7
803 804 5
802 803 6
801 802 5
800 801 5
799 800 6
798 799 8
797 798 8
796 797 9
795 796 5
794 795 9
793 794 16
792 793 5
791 792 6
790 791 7
789 790 7
788 789 6
787 788 8
786 787 7
785 786 5
784 785 10
783 784 11
782 783 9
781 782 6
780 781 6
779 780 8
778 779 11
777 778 9
776 777 8
775 776 12
774 775 8
773 774 9
772 773 13
771 772 7
770 771 5
769 770 6
768 769 7
767 768 13
766 767 24
765 766 12
764 765 14
763 764 14
762 763 13
761 762 27
760 761 13
759 760 11
758 759 12
757 758 10
756 757 5
755 756 4
754 755 5
753 754 4
752 753 4
751 752 6
750 751 6
749 750 8
748 749 10
747 748 6
746 747 3
745 746 7
744 745 5
743 744 7
742 743 8
741 742 9
740 741 7
739 740 4
738 739 8
737 738 9
736 737 8
735 736 14
734 735 16
733 734 7
732 733 8
731 732 9
730 731 10
729 730 9
728 729 11
727 728 8
726 727 10
725 726 15
724 725 7
723 724 7
722 723 7
721 722 3
720 721 6
719 720 8
718 719 9
717 718 13
716 717 10
715 716 20
714 715 11
713 714 12
712 713 11
711 712 11
710 711 17
709 710 15
708 709 11
707 708 6
706 707 13
705 706 12
704 705 14
703 704 11
702 703 17
701 702 13
700 701 16
699 700 13
698 699 12
697 698 12
696 697 5
695 696 7
694 695 7
693 694 14
692 693 9
691 692 14
690 691 9
689 690 7
688 689 7
687 688 11
686 687 9
685 686 9
684 685 9
683 684 11
682 683 20
681 682 11
680 681 22
679 680 12
678 679 10
677 678 7
676 677 18
675 676 9
674 675 9
673 674 8
672 673 7
671 672 8
670 671 11
669 670 11
668 669 14
667 668 20
666 667 14
665 666 19
664 665 12
663 664 20
662 663 12
661 662 8
660 661 5
659 660 5
658 659 8
657 658 9
656 657 9
655 656 9
654 655 7
653 654 4
652 653 19
651 652 12
650 651 14
649 650 10
648 649 16
647 648 10
646 647 16
645 646 12
644 645 13
643 644 8
642 643 9
641 642 12
640 641 11
639 640 9
638 639 8
637 638 10
636 637 10
635 636 9
634 635 6
633 634 7
632 633 13
631 632 13
630 631 11
629 630 8
628 629 12
627 628 12
626 627 13
625 626 11
624 625 7
623 624 9
622 623 9
621 622 7
620 621 5
619 620 9
618 619 8
617 618 8
616 617 14
615 616 8
614 615 6
613 614 9
612 613 8
611 612 8
610 611 13
609 610 10
608 609 5
607 608 9
606 607 9
605 606 16
604 605 16
603 604 11
602 603 8
601 602 9
600 601 10
599 600 8
598 599 6
597 598 6
596 597 7
595 596 10
594 595 12
593 594 13
592 593 26
591 592 33
590 591 21
589 590 13
588 589 13
587 588 8
586 587 11
585 586 8
584 585 9
583 584 7
582 583 8
581 582 8
580 581 7
579 580 9
578 579 13
577 578 22
576 577 8
575 576 9
574 575 10
573 574 13
572 573 12
571 572 18
570 571 9
569 570 6
568 569 10
567 568 11
566 567 16
565 566 12
564 565 9
563 564 9
562 563 8
561 562 9
560 561 8
559 560 14
558 559 15
557 558 8
556 557 9
555 556 6
554 555 9
553 554 7
552 553 7
551 552 17
550 551 11
549 550 8
548 549 13
547 548 6
546 547 5
545 546 5
544 545 6
543 544 8
542 543 12
541 542 15
540 541 31
539 540 5
538 539 4
537 538 4
536 537 5
535 536 4
534 535 7
533 534 10
532 533 16
531 532 14
530 531 13
529 530 10
528 529 8
527 528 11
526 527 8
525 526 7
524 525 6
523 524 8
522 523 11
521 522 8
520 521 12
519 520 12
518 519 9
517 518 10
516 517 11
515 516 8
514 515 7
513 514 11
512 513 13
511 512 13
510 511 10
509 510 9
508 509 8
507 508 7
506 507 15
505 506 8
504 505 10
503 504 13
502 503 8
501 502 10
500 501 12
499 500 13
498 499 12
497 498 13
496 497 10
495 496 5
494 495 5
493 494 8
492 493 6
491 492 13
490 491 3
489 490 6
488 489 8
487 488 9
486 487 6
485 486 6
484 485 6
483 484 9
482 483 12
481 482 12
480 481 7
479 480 7
478 479 7
477 478 5
476 477 6
475 476 8
474 475 11
473 474 20
472 473 15
471 472 11
470 471 18
469 470 23
468 469 35
466 468 1
466 467 12
465 466 31
464 465 52
463 464 42
462 463 13
461 462 18
460 461 13
458 460 10
458 459 14
457 458 11
456 457 9
455 456 7
454 455 11
453 454 14
452 453 17
451 452 15
450 451 10
449 450 7
448 449 11
447 448 9
446 447 10
445 446 12
444 445 13
443 444 6
442 443 9
441 442 12
440 441 6
439 440 7
438 439 5
437 438 10
436 437 7
435 436 7
434 435 9
433 434 9
432 433 9
431 432 10
430 431 15
429 430 26
428 429 10
427 428 6
426 427 6
425 426 5
424 425 6
423 424 10
422 423 7
421 422 14
420 421 6
419 420 7
418 419 6
417 418 8
416 417 6
415 416 7
413 415 4
413 414 7
412 413 4
411 412 9
410 411 7
409 410 11
408 409 13
407 408 11
406 407 10
405 406 10
404 405 10
403 404 13
402 403 10
401 402 7
400 401 11
399 400 14
398 399 8
397 398 13
396 397 25
395 396 23
394 395 23
393 394 18
392 393 16
391 392 17
390 391 29
389 390 22
388 389 35
387 388 16
386 387 13
385 386 14
384 385 12
383 384 13
382 383 10
381 382 13
380 381 16
379 380 10
378 379 11
377 378 11
376 377 15
375 376 20
374 375 13
373 374 7
372 373 26
371 372 23
370 371 37
369 370 25
368 369 12
367 368 12
366 367 17
365 366 25
364 365 27
363 364 10
362 363 6
361 362 7
359 361 5
359 360 10
358 359 18
355 358 18
356 357 12
355 356 11
354 355 32
353 354 27
352 353 20
351 352 11
350 351 10
349 350 11
348 349 15
347 348 23
346 347 20
345 346 13
344 345 11
343 344 10
342 343 11
341 342 9
340 341 17
339 340 13
338 339 8
337 338 9
336 337 12
335 336 15
334 335 8
333 334 12
332 333 15
331 332 10
330 331 11
329 330 11
328 329 8
327 328 9
326 327 14
325 326 15
324 325 11
323 324 12
322 323 19
321 322 13
320 321 11
319 320 19
318 319 10
317 318 15
316 317 24
315 316 15
314 315 12
313 314 13
312 313 16
311 312 16
310 311 14
309 310 27
308 309 30
307 308 16
306 307 11
305 306 10
304 305 7
303 304 9
302 303 16
301 302 16
300 301 19
299 300 20
298 299 31
297 298 16
296 297 10
295 296 43
294 295 28
284 294 30
292 293 153
291 292 24
290 291 23
289 290 42
288 289 28
287 288 12
286 287 8
285 286 9
284 285 13
283 284 59
282 283 61
281 282 57
280 281 29
279 280 16
278 279 11
277 278 8
276 277 17
275 276 16
274 275 29
273 274 13
272 273 10
271 272 17
270 271 23
269 270 191
268 269 156
254 268 49
263 267 13
265 266 32
264 265 257
263 264 17
260 263 273
260 262 76
260 261 34
259 260 63
258 259 70
257 258 135
256 257 152
255 256 52
254 255 85
239 254 18
252 253 41
251 252 100
250 251 31
249 250 21
248 249 116
247 248 40
246 247 42
245 246 42
244 245 64
243 244 74
242 243 60
241 242 50
240 241 34
239 240 38
238 239 177
237 238 119
236 237 107
185 236 38
234 235 15
233 234 48
232 233 34
231 232 36
230 231 69
229 230 109
228 229 16
227 228 47
226 227 13
225 226 9
224 225 17
223 224 28
222 223 19
221 222 10
220 221 14
219 220 30
218 219 17
217 218 13
216 217 35
215 216 24
214 215 24
213 214 71
212 213 39
211 212 12
210 211 14
209 210 16
208 209 36
207 208 18
206 207 17
205 206 31
204 205 26
203 204 79
202 203 39
201 202 21
200 201 9
199 200 22
198 199 14
197 198 9
196 197 26
195 196 10
194 195 9
193 194 12
192 193 14
191 192 44
190 191 36
189 190 32
188 189 12
187 188 58
186 187 48
185 186 60
184 185 93
183 184 138
182 183 87
181 182 55
180 181 146
179 180 204
178 179 108
177 178 57
176 177 63
175 176 73
174 175 67
173 174 94
153 173 7
171 172 67
170 171 69
169 170 33
168 169 66
167 168 68
166 167 56
165 166 79
164 165 115
163 164 77
162 163 34
161 162 22
160 161 21
159 160 42
158 159 79
157 158 105
156 157 87
155 156 29
154 155 47
153 154 99
152 153 81
151 152 103
150 151 202
149 150 60
147 149 36
147 148 29
146 147 27
145 146 57
144 145 122
143 144 159
142 143 220
135 142 20
140 141 6
139 140 6
138 139 8
137 138 6
136 137 10
135 136 12
133 135 133
133 134 14
132 133 171
131 132 61
130 131 41
129 130 63
128 129 193
127 128 107
126 127 157
125 126 298
124 125 107
123 124 96
122 123 83
121 122 223
120 121 65
115 120 84
118 119 42
117 118 2
116 117 90
115 116 34
114 115 88
113 114 108
112 113 269
103 112 18
110 111 37
109 110 48
108 109 47
107 108 70
106 107 36
105 106 50
104 105 35
103 104 52
102 103 104
97 102 91
100 101 9
99 100 17
98 99 26
97 98 22
96 97 33
95 96 61
94 95 9
93 94 7
92 93 27
91 92 7
89 91 53
89 90 208
88 89 246
87 88 191
86 87 13
85 86 14
84 85 196
75 84 324
82 83 5
81 82 6
80 81 7
79 80 6
78 79 8
77 78 9
76 77 32
75 76 31
74 75 218
68 74 211
72 73 127
71 72 44
70 71 72
69 70 14
68 69 26
39 68 38
66 67 22
65 66 46
64 65 36
63 64 51
62 63 21
61 62 22
60 61 24
59 60 23
58 59 30
57 58 18
56 57 17
55 56 21
54 55 24
53 54 17
52 53 27
51 52 23
50 51 19
49 50 17
48 49 21
47 48 16
46 47 69
45 46 53
44 45 22
43 44 29
42 43 48
40 42 121
40 41 35
39 40 26
38 39 99
37 38 110
36 37 128
20 36 36
34 35 27
33 34 29
32 33 42
31 32 31
30 31 12
29 30 19
28 29 21
27 28 11
26 27 5
25 26 42
24 25 12
23 24 52
22 23 13
21 22 51
20 21 7
19 20 175
17 19 178
17 18 16
16 17 31
15 16 39
14 15 40
12 14 15
12 13 30
11 12 23
10 11 92
9 10 36
7 9 45
7 8 32
6 7 18
5 6 16
4 5 12
3 4 24
2 3 10
0 2 12
0 1 21
